-0.0049, -0.0097, 0.0002, -0.9999
-0.0049, -0.0097, 0.0002, -0.9999
-0.0049, -0.0097, 0.0002, -0.9999
-0.0049, -0.0097, 0.0002, -0.9999
-0.0049, -0.0097, 0.0002, -0.9999
-0.0049, -0.0096, 0.0002, -0.9999
-0.0049, -0.0096, 0.0002, -0.9999
-0.0049, -0.0096, 0.0002, -0.9999
-0.0049, -0.0096, 0.0002, -0.9999
-0.0049, -0.0096, 0.0002, -0.9999
-0.0049, -0.0096, 0.0002, -0.9999
-0.0049, -0.0096, 0.0002, -0.9999
-0.0049, -0.0096, 0.0002, -0.9999
-0.0049, -0.0096, 0.0002, -0.9999
-0.0049, -0.0096, 0.0002, -0.9999
-0.0049, -0.0096, 0.0002, -0.9999
-0.0049, -0.0096, 0.0002, -0.9999
-0.0049, -0.0096, 0.0002, -0.9999
-0.0049, -0.0096, 0.0002, -0.9999
-0.0049, -0.0096, 0.0002, -0.9999
-0.0049, -0.0096, 0.0002, -0.9999
-0.0049, -0.0096, 0.0002, -0.9999
-0.0049, -0.0096, 0.0002, -0.9999
-0.0049, -0.0096, 0.0002, -0.9999
-0.0049, -0.0096, 0.0002, -0.9999
-0.0049, -0.0096, 0.0002, -0.9999
-0.0049, -0.0096, 0.0002, -0.9999
-0.0049, -0.0096, 0.0002, -0.9999
-0.0049, -0.0096, 0.0002, -0.9999
-0.0049, -0.0096, 0.0002, -0.9999
-0.0049, -0.0096, 0.0002, -0.9999
-0.0049, -0.0096, 0.0002, -0.9999
-0.0049, -0.0096, 0.0002, -0.9999
-0.0049, -0.0096, 0.0002, -0.9999
-0.0049, -0.0096, 0.0002, -0.9999
-0.0049, -0.0096, 0.0002, -0.9999
-0.0049, -0.0096, 0.0002, -0.9999
-0.0049, -0.0096, 0.0002, -0.9999
-0.0049, -0.0096, 0.0002, -0.9999
-0.0048, -0.0096, 0.0002, -0.9999
-0.0048, -0.0096, 0.0002, -0.9999
-0.0048, -0.0096, 0.0002, -0.9999
-0.0048, -0.0096, 0.0002, -0.9999
-0.0048, -0.0096, 0.0002, -0.9999
-0.0048, -0.0095, 0.0002, -0.9999
-0.0048, -0.0095, 0.0002, -0.9999
-0.0048, -0.0095, 0.0002, -0.9999
-0.0048, -0.0095, 0.0002, -0.9999
-0.0048, -0.0095, 0.0002, -0.9999
-0.0048, -0.0095, 0.0002, -0.9999
-0.0048, -0.0095, 0.0002, -0.9999
-0.0048, -0.0095, 0.0002, -0.9999
-0.0048, -0.0095, 0.0002, -0.9999
-0.0048, -0.0095, 0.0002, -0.9999
-0.0048, -0.0095, 0.0002, -0.9999
-0.0048, -0.0095, 0.0002, -0.9999
-0.0048, -0.0095, 0.0002, -0.9999
-0.0048, -0.0095, 0.0002, -0.9999
-0.0048, -0.0095, 0.0002, -0.9999
-0.0048, -0.0095, 0.0002, -0.9999
-0.0048, -0.0095, 0.0002, -0.9999
-0.0047, -0.0095, 0.0002, -0.9999
-0.0047, -0.0095, 0.0002, -0.9999
-0.0047, -0.0095, 0.0002, -0.9999
-0.0047, -0.0095, 0.0002, -0.9999
-0.0047, -0.0095, 0.0002, -0.9999
-0.0047, -0.0094, 0.0002, -0.9999
-0.0047, -0.0094, 0.0002, -0.9999
-0.0047, -0.0094, 0.0002, -0.9999
-0.0047, -0.0094, 0.0002, -0.9999
-0.0047, -0.0094, 0.0002, -0.9999
-0.0047, -0.0094, 0.0002, -0.9999
-0.0047, -0.0094, 0.0002, -0.9999
-0.0047, -0.0094, 0.0002, -0.9999
-0.0047, -0.0094, 0.0002, -0.9999
-0.0047, -0.0094, 0.0002, -0.9999
-0.0047, -0.0094, 0.0002, -0.9999
-0.0047, -0.0094, 0.0002, -0.9999
-0.0047, -0.0094, 0.0002, -0.9999
-0.0047, -0.0094, 0.0002, -0.9999
-0.0047, -0.0094, 0.0002, -0.9999
-0.0047, -0.0094, 0.0002, -0.9999
-0.0047, -0.0094, 0.0002, -0.9999
-0.0047, -0.0094, 0.0002, -0.9999
-0.0047, -0.0094, 0.0002, -0.9999
-0.0047, -0.0094, 0.0002, -0.9999
-0.0047, -0.0094, 0.0002, -0.9999
-0.0047, -0.0094, 0.0002, -0.9999
-0.0047, -0.0094, 0.0002, -0.9999
-0.0047, -0.0094, 0.0002, -0.9999
-0.0047, -0.0094, 0.0002, -0.9999
-0.0047, -0.0094, 0.0002, -0.9999
-0.0047, -0.0094, 0.0002, -0.9999
-0.0047, -0.0094, 0.0002, -0.9999
-0.0047, -0.0094, 0.0002, -0.9999
-0.0047, -0.0094, 0.0002, -0.9999
-0.0046, -0.0094, 0.0002, -0.9999
-0.0046, -0.0094, 0.0002, -0.9999
-0.0046, -0.0094, 0.0002, -0.9999
-0.0046, -0.0094, 0.0002, -0.9999
-0.0046, -0.0094, 0.0002, -0.9999
-0.0046, -0.0094, 0.0002, -0.9999
-0.0046, -0.0094, 0.0002, -0.9999
-0.0046, -0.0094, 0.0002, -0.9999
-0.0046, -0.0094, 0.0002, -0.9999
-0.0046, -0.0094, 0.0002, -0.9999
-0.0046, -0.0094, 0.0002, -0.9999
-0.0046, -0.0094, 0.0002, -0.9999
-0.0046, -0.0094, 0.0002, -0.9999
-0.0046, -0.0094, 0.0002, -0.9999
-0.0046, -0.0094, 0.0002, -0.9999
-0.0046, -0.0094, 0.0002, -0.9999
-0.0046, -0.0093, 0.0002, -0.9999
-0.0046, -0.0093, 0.0002, -0.9999
-0.0046, -0.0093, 0.0002, -0.9999
-0.0046, -0.0093, 0.0002, -0.9999
-0.0046, -0.0093, 0.0002, -0.9999
-0.0046, -0.0093, 0.0002, -0.9999
-0.0046, -0.0093, 0.0002, -0.9999
-0.0046, -0.0093, 0.0002, -0.9999
-0.0046, -0.0093, 0.0002, -0.9999
-0.0046, -0.0093, 0.0002, -0.9999
-0.0046, -0.0093, 0.0002, -0.9999
-0.0046, -0.0093, 0.0002, -0.9999
-0.0046, -0.0093, 0.0002, -0.9999
-0.0046, -0.0093, 0.0002, -0.9999
-0.0046, -0.0093, 0.0002, -0.9999
-0.0046, -0.0093, 0.0002, -0.9999
-0.0046, -0.0093, 0.0002, -0.9999
-0.0046, -0.0093, 0.0002, -0.9999
-0.0046, -0.0093, 0.0002, -0.9999
-0.0046, -0.0093, 0.0002, -0.9999
-0.0046, -0.0094, 0.0002, -0.9999
-0.0046, -0.0094, 0.0002, -0.9999
-0.0046, -0.0094, 0.0001, -0.9999
-0.0046, -0.0094, 0.0001, -0.9999
-0.0046, -0.0094, 0.0001, -0.9999
-0.0046, -0.0094, 0.0001, -0.9999
-0.0046, -0.0094, 0.0001, -0.9999
-0.0046, -0.0094, 0.0001, -0.9999
-0.0047, -0.0094, 0.0001, -0.9999
-0.0047, -0.0094, 0.0001, -0.9999
-0.0047, -0.0094, 0.0001, -0.9999
-0.0047, -0.0094, 0.0001, -0.9999
-0.0047, -0.0094, 0.0001, -0.9999
-0.0047, -0.0094, 0.0002, -0.9999
-0.0047, -0.0094, 0.0002, -0.9999
-0.0047, -0.0094, 0.0002, -0.9999
-0.0047, -0.0094, 0.0002, -0.9999
-0.0047, -0.0094, 0.0001, -0.9999
-0.0047, -0.0094, 0.0001, -0.9999
-0.0047, -0.0094, 0.0001, -0.9999
-0.0047, -0.0094, 0.0001, -0.9999
-0.0047, -0.0094, 0.0001, -0.9999
-0.0047, -0.0094, 0.0001, -0.9999
-0.0047, -0.0094, 0.0001, -0.9999
-0.0047, -0.0094, 0.0001, -0.9999
-0.0047, -0.0094, 0.0001, -0.9999
-0.0047, -0.0094, 0.0001, -0.9999
-0.0047, -0.0094, 0.0001, -0.9999
-0.0047, -0.0094, 0.0001, -0.9999
-0.0047, -0.0094, 0.0001, -0.9999
-0.0047, -0.0094, 0.0001, -0.9999
-0.0047, -0.0094, 0.0001, -0.9999
-0.0047, -0.0094, 0.0001, -0.9999
-0.0047, -0.0094, 0.0001, -0.9999
-0.0047, -0.0094, 0.0001, -0.9999
-0.0047, -0.0094, 0.0001, -0.9999
-0.0047, -0.0094, 0.0001, -0.9999
-0.0047, -0.0094, 0.0001, -0.9999
-0.0047, -0.0094, 0.0001, -0.9999
-0.0047, -0.0094, 0.0001, -0.9999
-0.0047, -0.0094, 0.0001, -0.9999
-0.0047, -0.0094, 0.0001, -0.9999
-0.0047, -0.0094, 0.0001, -0.9999
-0.0047, -0.0094, 0.0001, -0.9999
-0.0047, -0.0094, 0.0001, -0.9999
-0.0047, -0.0095, 0.0001, -0.9999
-0.0047, -0.0094, 0.0001, -0.9999
-0.0047, -0.0094, 0.0001, -0.9999
-0.0047, -0.0095, 0.0001, -0.9999
-0.0048, -0.0095, 0.0001, -0.9999
-0.0048, -0.0095, 0.0001, -0.9999
-0.0048, -0.0095, 0.0001, -0.9999
-0.0048, -0.0095, 0.0001, -0.9999
-0.0048, -0.0095, 0.0001, -0.9999
-0.0048, -0.0095, 0.0001, -0.9999
-0.0048, -0.0095, 0.0001, -0.9999
-0.0048, -0.0095, 0.0001, -0.9999
-0.0048, -0.0095, 0.0001, -0.9999
-0.0048, -0.0095, 0.0001, -0.9999
-0.0048, -0.0095, 0.0001, -0.9999
-0.0048, -0.0095, 0.0001, -0.9999
-0.0048, -0.0095, 0.0001, -0.9999
-0.0048, -0.0096, 0.0001, -0.9999
-0.0048, -0.0096, 0.0001, -0.9999
-0.0048, -0.0096, 0.0001, -0.9999
-0.0048, -0.0096, 0.0001, -0.9999
-0.0048, -0.0096, 0.0001, -0.9999
-0.0048, -0.0096, 0.0001, -0.9999
-0.0048, -0.0096, 0.0001, -0.9999
-0.0048, -0.0096, 0.0001, -0.9999
-0.0048, -0.0096, 0.0001, -0.9999
-0.0048, -0.0095, 0.0001, -0.9999
-0.0048, -0.0095, 0.0001, -0.9999
-0.0048, -0.0095, 0.0001, -0.9999
-0.0048, -0.0095, 0.0001, -0.9999
-0.0048, -0.0095, 0.0001, -0.9999
-0.0048, -0.0095, 0.0001, -0.9999
-0.0048, -0.0095, 0.0001, -0.9999
-0.0048, -0.0095, 0.0001, -0.9999
-0.0048, -0.0095, 0.0001, -0.9999
-0.0048, -0.0095, 0.0001, -0.9999
-0.0048, -0.0095, 0.0001, -0.9999
-0.0048, -0.0095, 0.0001, -0.9999
-0.0048, -0.0095, 0.0001, -0.9999
-0.0048, -0.0095, 0.0002, -0.9999
-0.0048, -0.0095, 0.0002, -0.9999
-0.0048, -0.0095, 0.0002, -0.9999
-0.0048, -0.0095, 0.0002, -0.9999
-0.0048, -0.0095, 0.0002, -0.9999
-0.0048, -0.0095, 0.0002, -0.9999
-0.0048, -0.0095, 0.0002, -0.9999
-0.0048, -0.0096, 0.0002, -0.9999
-0.0048, -0.0096, 0.0002, -0.9999
-0.0048, -0.0096, 0.0002, -0.9999
-0.0048, -0.0096, 0.0002, -0.9999
-0.0048, -0.0096, 0.0002, -0.9999
-0.0048, -0.0096, 0.0002, -0.9999
-0.0048, -0.0096, 0.0002, -0.9999
-0.0047, -0.0096, 0.0002, -0.9999
-0.0047, -0.0096, 0.0002, -0.9999
-0.0047, -0.0096, 0.0002, -0.9999
-0.0048, -0.0096, 0.0002, -0.9999
-0.0048, -0.0096, 0.0002, -0.9999
-0.0048, -0.0096, 0.0002, -0.9999
-0.0048, -0.0096, 0.0002, -0.9999
-0.0048, -0.0096, 0.0002, -0.9999
-0.0048, -0.0096, 0.0002, -0.9999
-0.0048, -0.0096, 0.0002, -0.9999
-0.0048, -0.0096, 0.0002, -0.9999
-0.0048, -0.0096, 0.0002, -0.9999
-0.0048, -0.0096, 0.0002, -0.9999
-0.0048, -0.0096, 0.0002, -0.9999
-0.0048, -0.0096, 0.0002, -0.9999
-0.0048, -0.0096, 0.0002, -0.9999
-0.0048, -0.0096, 0.0002, -0.9999
-0.0048, -0.0096, 0.0002, -0.9999
-0.0048, -0.0096, 0.0002, -0.9999
-0.0048, -0.0096, 0.0002, -0.9999
-0.0048, -0.0096, 0.0002, -0.9999
-0.0048, -0.0096, 0.0002, -0.9999
-0.0048, -0.0096, 0.0002, -0.9999
-0.0048, -0.0096, 0.0002, -0.9999
-0.0048, -0.0096, 0.0002, -0.9999
-0.0048, -0.0096, 0.0002, -0.9999
-0.0048, -0.0096, 0.0002, -0.9999
-0.0048, -0.0096, 0.0002, -0.9999
-0.0048, -0.0096, 0.0002, -0.9999
-0.0048, -0.0096, 0.0002, -0.9999
-0.0048, -0.0096, 0.0002, -0.9999
-0.0048, -0.0095, 0.0002, -0.9999
-0.0048, -0.0095, 0.0002, -0.9999
-0.0048, -0.0095, 0.0002, -0.9999
-0.0048, -0.0095, 0.0002, -0.9999
-0.0048, -0.0095, 0.0002, -0.9999
-0.0048, -0.0095, 0.0002, -0.9999
-0.0048, -0.0095, 0.0002, -0.9999
-0.0048, -0.0095, 0.0002, -0.9999
-0.0048, -0.0095, 0.0002, -0.9999
-0.0048, -0.0095, 0.0002, -0.9999
-0.0048, -0.0096, 0.0002, -0.9999
-0.0048, -0.0096, 0.0002, -0.9999
-0.0048, -0.0096, 0.0002, -0.9999
-0.0048, -0.0096, 0.0002, -0.9999
-0.0048, -0.0096, 0.0002, -0.9999
-0.0048, -0.0096, 0.0002, -0.9999
-0.0048, -0.0096, 0.0002, -0.9999
-0.0048, -0.0096, 0.0002, -0.9999
-0.0048, -0.0096, 0.0002, -0.9999
-0.0048, -0.0096, 0.0002, -0.9999
-0.0048, -0.0096, 0.0002, -0.9999
-0.0048, -0.0096, 0.0002, -0.9999
-0.0048, -0.0096, 0.0002, -0.9999
-0.0048, -0.0096, 0.0002, -0.9999
-0.0048, -0.0096, 0.0002, -0.9999
-0.0048, -0.0096, 0.0002, -0.9999
-0.0048, -0.0096, 0.0002, -0.9999
-0.0048, -0.0096, 0.0002, -0.9999
-0.0048, -0.0096, 0.0002, -0.9999
-0.0048, -0.0096, 0.0002, -0.9999
-0.0048, -0.0096, 0.0002, -0.9999
-0.0048, -0.0096, 0.0002, -0.9999
-0.0048, -0.0096, 0.0001, -0.9999
-0.0048, -0.0096, 0.0001, -0.9999
-0.0048, -0.0096, 0.0001, -0.9999
-0.0048, -0.0096, 0.0002, -0.9999
-0.0048, -0.0096, 0.0002, -0.9999
-0.0048, -0.0096, 0.0002, -0.9999
-0.0048, -0.0096, 0.0002, -0.9999
-0.0048, -0.0096, 0.0001, -0.9999
-0.0048, -0.0096, 0.0001, -0.9999
-0.0048, -0.0096, 0.0001, -0.9999
-0.0048, -0.0096, 0.0001, -0.9999
-0.0048, -0.0096, 0.0001, -0.9999
-0.0048, -0.0096, 0.0001, -0.9999
-0.0048, -0.0096, 0.0001, -0.9999
-0.0048, -0.0096, 0.0001, -0.9999
-0.0048, -0.0096, 0.0001, -0.9999
-0.0048, -0.0096, 0.0001, -0.9999
-0.0048, -0.0095, 0.0001, -0.9999
-0.0048, -0.0095, 0.0001, -0.9999
-0.0048, -0.0095, 0.0001, -0.9999
-0.0048, -0.0095, 0.0001, -0.9999
-0.0048, -0.0095, 0.0001, -0.9999
-0.0048, -0.0096, 0.0001, -0.9999
-0.0048, -0.0096, 0.0001, -0.9999
-0.0048, -0.0096, 0.0001, -0.9999
-0.0048, -0.0095, 0.0001, -0.9999
-0.0048, -0.0095, 0.0001, -0.9999
-0.0048, -0.0095, 0.0001, -0.9999
-0.0048, -0.0096, 0.0001, -0.9999
-0.0048, -0.0096, 0.0001, -0.9999
-0.0048, -0.0096, 0.0001, -0.9999
-0.0048, -0.0096, 0.0001, -0.9999
-0.0048, -0.0096, 0.0001, -0.9999
-0.0048, -0.0096, 0.0001, -0.9999
-0.0048, -0.0096, 0.0001, -0.9999
-0.0048, -0.0096, 0.0001, -0.9999
-0.0048, -0.0096, 0.0001, -0.9999
-0.0048, -0.0096, 0.0002, -0.9999
-0.0048, -0.0096, 0.0002, -0.9999
-0.0048, -0.0096, 0.0002, -0.9999
-0.0048, -0.0096, 0.0002, -0.9999
-0.0048, -0.0096, 0.0002, -0.9999
-0.0048, -0.0096, 0.0002, -0.9999
-0.0048, -0.0096, 0.0002, -0.9999
-0.0048, -0.0096, 0.0002, -0.9999
-0.0048, -0.0096, 0.0002, -0.9999
-0.0048, -0.0096, 0.0002, -0.9999
-0.0048, -0.0096, 0.0002, -0.9999
-0.0048, -0.0096, 0.0002, -0.9999
-0.0048, -0.0096, 0.0002, -0.9999
-0.0048, -0.0096, 0.0002, -0.9999
-0.0048, -0.0096, 0.0002, -0.9999
-0.0048, -0.0096, 0.0002, -0.9999
-0.0048, -0.0096, 0.0002, -0.9999
-0.0048, -0.0096, 0.0002, -0.9999
-0.0048, -0.0096, 0.0002, -0.9999
-0.0048, -0.0096, 0.0002, -0.9999
-0.0048, -0.0096, 0.0002, -0.9999
-0.0048, -0.0096, 0.0002, -0.9999
-0.0048, -0.0096, 0.0002, -0.9999
-0.0048, -0.0096, 0.0002, -0.9999
-0.0048, -0.0096, 0.0002, -0.9999
-0.0048, -0.0096, 0.0002, -0.9999
-0.0048, -0.0096, 0.0002, -0.9999
-0.0048, -0.0096, 0.0002, -0.9999
-0.0048, -0.0096, 0.0002, -0.9999
-0.0048, -0.0096, 0.0002, -0.9999
-0.0048, -0.0096, 0.0002, -0.9999
-0.0048, -0.0096, 0.0002, -0.9999
-0.0048, -0.0096, 0.0002, -0.9999
-0.0048, -0.0096, 0.0002, -0.9999
-0.0048, -0.0096, 0.0002, -0.9999
-0.0048, -0.0096, 0.0002, -0.9999
-0.0048, -0.0097, 0.0002, -0.9999
-0.0048, -0.0096, 0.0002, -0.9999
-0.0048, -0.0097, 0.0002, -0.9999
-0.0048, -0.0097, 0.0002, -0.9999
-0.0048, -0.0097, 0.0002, -0.9999
-0.0048, -0.0097, 0.0002, -0.9999
-0.0049, -0.0097, 0.0002, -0.9999
-0.0048, -0.0097, 0.0002, -0.9999
-0.0048, -0.0097, 0.0002, -0.9999
-0.0048, -0.0097, 0.0002, -0.9999
-0.0048, -0.0097, 0.0002, -0.9999
-0.0048, -0.0097, 0.0002, -0.9999
-0.0048, -0.0097, 0.0002, -0.9999
-0.0048, -0.0097, 0.0002, -0.9999
-0.0049, -0.0097, 0.0002, -0.9999
-0.0048, -0.0097, 0.0002, -0.9999
-0.0048, -0.0097, 0.0002, -0.9999
-0.0048, -0.0097, 0.0002, -0.9999
-0.0048, -0.0097, 0.0002, -0.9999
-0.0048, -0.0097, 0.0002, -0.9999
-0.0048, -0.0097, 0.0002, -0.9999
-0.0048, -0.0097, 0.0002, -0.9999
-0.0048, -0.0097, 0.0002, -0.9999
-0.0048, -0.0097, 0.0002, -0.9999
-0.0048, -0.0097, 0.0002, -0.9999
-0.0048, -0.0097, 0.0002, -0.9999
-0.0048, -0.0097, 0.0002, -0.9999
-0.0048, -0.0097, 0.0002, -0.9999
-0.0048, -0.0097, 0.0002, -0.9999
-0.0048, -0.0097, 0.0002, -0.9999
-0.0049, -0.0097, 0.0002, -0.9999
-0.0049, -0.0097, 0.0002, -0.9999
-0.0049, -0.0097, 0.0002, -0.9999
-0.0049, -0.0096, 0.0002, -0.9999
-0.0049, -0.0096, 0.0002, -0.9999
-0.0049, -0.0096, 0.0002, -0.9999
-0.0049, -0.0096, 0.0002, -0.9999
-0.0049, -0.0096, 0.0002, -0.9999
-0.0049, -0.0096, 0.0002, -0.9999
-0.0049, -0.0096, 0.0002, -0.9999
-0.0049, -0.0096, 0.0002, -0.9999
-0.0049, -0.0096, 0.0002, -0.9999
-0.0049, -0.0096, 0.0002, -0.9999
-0.0049, -0.0096, 0.0002, -0.9999
-0.0049, -0.0096, 0.0002, -0.9999
-0.0049, -0.0096, 0.0002, -0.9999
-0.0049, -0.0096, 0.0002, -0.9999
-0.0049, -0.0096, 0.0002, -0.9999
-0.0049, -0.0096, 0.0002, -0.9999
-0.0049, -0.0096, 0.0002, -0.9999
-0.0049, -0.0096, 0.0002, -0.9999
-0.0049, -0.0096, 0.0002, -0.9999
-0.0049, -0.0096, 0.0002, -0.9999
-0.0049, -0.0096, 0.0002, -0.9999
-0.0049, -0.0096, 0.0002, -0.9999
-0.0049, -0.0096, 0.0002, -0.9999
-0.0049, -0.0096, 0.0002, -0.9999
-0.0049, -0.0096, 0.0002, -0.9999
-0.0049, -0.0096, 0.0002, -0.9999
-0.0049, -0.0096, 0.0002, -0.9999
-0.0049, -0.0096, 0.0002, -0.9999
-0.0049, -0.0096, 0.0002, -0.9999
-0.0049, -0.0096, 0.0002, -0.9999
-0.0049, -0.0096, 0.0002, -0.9999
-0.0049, -0.0096, 0.0002, -0.9999
-0.0049, -0.0096, 0.0002, -0.9999
-0.0049, -0.0096, 0.0002, -0.9999
-0.0049, -0.0096, 0.0002, -0.9999
-0.0049, -0.0096, 0.0002, -0.9999
-0.0049, -0.0096, 0.0002, -0.9999
-0.0049, -0.0096, 0.0002, -0.9999
-0.0049, -0.0096, 0.0002, -0.9999
-0.0049, -0.0096, 0.0002, -0.9999
-0.0049, -0.0096, 0.0002, -0.9999
-0.0049, -0.0096, 0.0002, -0.9999
-0.0049, -0.0096, 0.0002, -0.9999
-0.0049, -0.0096, 0.0002, -0.9999
-0.0049, -0.0096, 0.0002, -0.9999
-0.0049, -0.0096, 0.0002, -0.9999
-0.0049, -0.0096, 0.0002, -0.9999
-0.0049, -0.0096, 0.0002, -0.9999
-0.0049, -0.0096, 0.0002, -0.9999
-0.0049, -0.0096, 0.0002, -0.9999
-0.0049, -0.0096, 0.0002, -0.9999
-0.0049, -0.0096, 0.0002, -0.9999
-0.0049, -0.0096, 0.0002, -0.9999
-0.0049, -0.0096, 0.0002, -0.9999
-0.0049, -0.0096, 0.0002, -0.9999
-0.0049, -0.0096, 0.0002, -0.9999
-0.0049, -0.0096, 0.0002, -0.9999
-0.0049, -0.0096, 0.0002, -0.9999
-0.0049, -0.0096, 0.0002, -0.9999
-0.0049, -0.0096, 0.0002, -0.9999
-0.0049, -0.0096, 0.0002, -0.9999
-0.0049, -0.0096, 0.0002, -0.9999
-0.0049, -0.0096, 0.0002, -0.9999
-0.0049, -0.0096, 0.0002, -0.9999
-0.0049, -0.0096, 0.0002, -0.9999
-0.0049, -0.0096, 0.0002, -0.9999
-0.0049, -0.0096, 0.0002, -0.9999
-0.0049, -0.0096, 0.0002, -0.9999
-0.0049, -0.0096, 0.0001, -0.9999
-0.0049, -0.0096, 0.0001, -0.9999
-0.0049, -0.0096, 0.0001, -0.9999
-0.0049, -0.0096, 0.0002, -0.9999
-0.0049, -0.0096, 0.0002, -0.9999
-0.0049, -0.0096, 0.0002, -0.9999
-0.0049, -0.0096, 0.0002, -0.9999
-0.0049, -0.0096, 0.0002, -0.9999
-0.0049, -0.0097, 0.0002, -0.9999
-0.0049, -0.0097, 0.0002, -0.9999
-0.0049, -0.0097, 0.0002, -0.9999
-0.0049, -0.0097, 0.0002, -0.9999
-0.0049, -0.0097, 0.0002, -0.9999
-0.0049, -0.0097, 0.0002, -0.9999
-0.0049, -0.0097, 0.0002, -0.9999
-0.0049, -0.0097, 0.0002, -0.9999
-0.0049, -0.0097, 0.0002, -0.9999
-0.0049, -0.0097, 0.0005, -0.9999
-0.0049, -0.0097, 0.0012, -0.9999
-0.0050, -0.0097, 0.0022, -0.9999
-0.0050, -0.0097, 0.0036, -0.9999
-0.0050, -0.0097, 0.0053, -0.9999
-0.0050, -0.0097, 0.0071, -0.9999
-0.0051, -0.0097, 0.0090, -0.9999
-0.0051, -0.0097, 0.0108, -0.9999
-0.0051, -0.0097, 0.0126, -0.9999
-0.0051, -0.0097, 0.0143, -0.9998
-0.0051, -0.0097, 0.0158, -0.9998
-0.0051, -0.0097, 0.0173, -0.9998
-0.0052, -0.0097, 0.0186, -0.9998
-0.0052, -0.0097, 0.0197, -0.9997
-0.0052, -0.0096, 0.0208, -0.9997
-0.0052, -0.0096, 0.0217, -0.9997
-0.0052, -0.0096, 0.0225, -0.9997
-0.0052, -0.0096, 0.0233, -0.9997
-0.0052, -0.0096, 0.0241, -0.9996
-0.0052, -0.0096, 0.0248, -0.9996
-0.0052, -0.0096, 0.0255, -0.9996
-0.0052, -0.0096, 0.0262, -0.9996
-0.0052, -0.0096, 0.0269, -0.9996
-0.0052, -0.0096, 0.0277, -0.9996
-0.0052, -0.0096, 0.0285, -0.9995
-0.0053, -0.0096, 0.0301, -0.9995
-0.0053, -0.0096, 0.0309, -0.9995
-0.0053, -0.0095, 0.0317, -0.9994
-0.0053, -0.0095, 0.0326, -0.9994
-0.0053, -0.0095, 0.0336, -0.9994
-0.0053, -0.0095, 0.0347, -0.9993
-0.0053, -0.0095, 0.0360, -0.9993
-0.0053, -0.0095, 0.0374, -0.9992
-0.0053, -0.0095, 0.0389, -0.9992
-0.0054, -0.0094, 0.0406, -0.9991
-0.0054, -0.0094, 0.0424, -0.9990
-0.0064, -0.0091, 0.1129, -0.9935
-0.0065, -0.0091, 0.1153, -0.9933
-0.0065, -0.0090, 0.1178, -0.9930
-0.0065, -0.0090, 0.1203, -0.9927
-0.0065, -0.0090, 0.1228, -0.9924
-0.0066, -0.0090, 0.1253, -0.9921
-0.0066, -0.0090, 0.1276, -0.9918
-0.0067, -0.0090, 0.1299, -0.9915
-0.0066, -0.0089, 0.1320, -0.9912
-0.0067, -0.0090, 0.1340, -0.9909
-0.0067, -0.0090, 0.1358, -0.9907
-0.0067, -0.0089, 0.1375, -0.9904
-0.0068, -0.0089, 0.1392, -0.9902
-0.0068, -0.0089, 0.1409, -0.9900
-0.0068, -0.0089, 0.1427, -0.9897
-0.0068, -0.0089, 0.1445, -0.9894
-0.0068, -0.0089, 0.1464, -0.9892
-0.0069, -0.0089, 0.1484, -0.9889
-0.0069, -0.0089, 0.1505, -0.9885
-0.0069, -0.0089, 0.1528, -0.9882
-0.0070, -0.0089, 0.1553, -0.9878
-0.0070, -0.0088, 0.1579, -0.9874
-0.0070, -0.0088, 0.1606, -0.9870
-0.0075, -0.0085, 0.2138, -0.9768
-0.0076, -0.0085, 0.2162, -0.9763
-0.0076, -0.0084, 0.2187, -0.9757
-0.0076, -0.0084, 0.2213, -0.9751
-0.0076, -0.0084, 0.2241, -0.9745
-0.0077, -0.0084, 0.2270, -0.9738
-0.0077, -0.0084, 0.2300, -0.9731
-0.0076, -0.0082, 0.2332, -0.9724
-0.0077, -0.0082, 0.2367, -0.9715
-0.0077, -0.0081, 0.2405, -0.9706
-0.0077, -0.0080, 0.2445, -0.9696
-0.0078, -0.0079, 0.2532, -0.9673
-0.0080, -0.0075, 0.2855, -0.9583
-0.0080, -0.0075, 0.2896, -0.9571
-0.0081, -0.0074, 0.2935, -0.9559
-0.0081, -0.0074, 0.2970, -0.9548
-0.0081, -0.0074, 0.3003, -0.9538
-0.0081, -0.0073, 0.3033, -0.9528
-0.0081, -0.0073, 0.3060, -0.9520
-0.0082, -0.0073, 0.3086, -0.9511
-0.0082, -0.0073, 0.3108, -0.9504
-0.0082, -0.0072, 0.3129, -0.9497
-0.0082, -0.0072, 0.3148, -0.9491
-0.0082, -0.0072, 0.3164, -0.9485
-0.0082, -0.0072, 0.3195, -0.9475
-0.0083, -0.0072, 0.3209, -0.9470
-0.0083, -0.0071, 0.3223, -0.9466
-0.0083, -0.0071, 0.3236, -0.9461
-0.0083, -0.0071, 0.3249, -0.9457
-0.0083, -0.0071, 0.3262, -0.9453
-0.0083, -0.0071, 0.3275, -0.9448
-0.0083, -0.0071, 0.3288, -0.9443
-0.0083, -0.0071, 0.3302, -0.9438
-0.0083, -0.0071, 0.3317, -0.9433
-0.0084, -0.0071, 0.3333, -0.9428
-0.0084, -0.0070, 0.3349, -0.9422
-0.0084, -0.0070, 0.3366, -0.9416
-0.0084, -0.0070, 0.3384, -0.9410
-0.0084, -0.0070, 0.3401, -0.9403
-0.0084, -0.0070, 0.3417, -0.9397
-0.0085, -0.0070, 0.3433, -0.9392
-0.0085, -0.0070, 0.3448, -0.9386
-0.0085, -0.0070, 0.3463, -0.9381
-0.0085, -0.0070, 0.3477, -0.9375
-0.0085, -0.0070, 0.3491, -0.9370
-0.0085, -0.0070, 0.3505, -0.9365
-0.0085, -0.0070, 0.3519, -0.9360
-0.0086, -0.0070, 0.3533, -0.9354
-0.0086, -0.0069, 0.3547, -0.9349
-0.0086, -0.0069, 0.3562, -0.9343
-0.0086, -0.0069, 0.3578, -0.9337
-0.0086, -0.0069, 0.3610, -0.9325
-0.0087, -0.0069, 0.3645, -0.9311
-0.0087, -0.0069, 0.3662, -0.9305
-0.0087, -0.0069, 0.3679, -0.9298
-0.0088, -0.0068, 0.3728, -0.9278
-0.0088, -0.0068, 0.3744, -0.9272
-0.0088, -0.0068, 0.3759, -0.9266
-0.0088, -0.0068, 0.3774, -0.9260
-0.0088, -0.0068, 0.3788, -0.9254
-0.0088, -0.0068, 0.3802, -0.9249
-0.0089, -0.0068, 0.3815, -0.9243
-0.0089, -0.0068, 0.3829, -0.9237
-0.0089, -0.0068, 0.3843, -0.9231
-0.0089, -0.0068, 0.3857, -0.9225
-0.0089, -0.0068, 0.3871, -0.9220
-0.0089, -0.0067, 0.3886, -0.9214
-0.0089, -0.0067, 0.3900, -0.9208
-0.0089, -0.0067, 0.3914, -0.9201
-0.0090, -0.0067, 0.3928, -0.9195
-0.0090, -0.0067, 0.3942, -0.9190
-0.0090, -0.0067, 0.3955, -0.9184
-0.0090, -0.0067, 0.3968, -0.9178
-0.0090, -0.0067, 0.3980, -0.9173
-0.0090, -0.0067, 0.3991, -0.9168
-0.0090, -0.0067, 0.4000, -0.9164
-0.0090, -0.0067, 0.4009, -0.9160
-0.0090, -0.0067, 0.4017, -0.9157
-0.0090, -0.0067, 0.4024, -0.9154
-0.0090, -0.0067, 0.4031, -0.9151
-0.0091, -0.0067, 0.4037, -0.9148
-0.0091, -0.0067, 0.4042, -0.9146
-0.0091, -0.0066, 0.4046, -0.9144
-0.0091, -0.0066, 0.4051, -0.9142
-0.0091, -0.0066, 0.4057, -0.9139
-0.0091, -0.0066, 0.4064, -0.9136
-0.0091, -0.0066, 0.4071, -0.9133
-0.0091, -0.0066, 0.4079, -0.9130
-0.0091, -0.0066, 0.4087, -0.9126
-0.0091, -0.0066, 0.4095, -0.9122
-0.0091, -0.0066, 0.4104, -0.9119
-0.0091, -0.0066, 0.4112, -0.9115
-0.0091, -0.0066, 0.4120, -0.9111
-0.0091, -0.0066, 0.4128, -0.9108
-0.0092, -0.0066, 0.4135, -0.9104
-0.0092, -0.0066, 0.4143, -0.9101
-0.0092, -0.0066, 0.4150, -0.9098
-0.0092, -0.0066, 0.4156, -0.9095
-0.0092, -0.0066, 0.4163, -0.9092
-0.0092, -0.0066, 0.4169, -0.9089
-0.0092, -0.0066, 0.4175, -0.9086
-0.0092, -0.0065, 0.4182, -0.9083
-0.0092, -0.0066, 0.4188, -0.9080
-0.0092, -0.0065, 0.4194, -0.9077
-0.0092, -0.0065, 0.4201, -0.9074
-0.0093, -0.0065, 0.4209, -0.9071
-0.0093, -0.0065, 0.4217, -0.9067
-0.0093, -0.0065, 0.4225, -0.9063
-0.0093, -0.0065, 0.4234, -0.9059
-0.0093, -0.0065, 0.4254, -0.9049
-0.0093, -0.0065, 0.4265, -0.9044
-0.0093, -0.0065, 0.4276, -0.9039
-0.0093, -0.0065, 0.4287, -0.9034
-0.0093, -0.0065, 0.4299, -0.9028
-0.0093, -0.0065, 0.4312, -0.9022
-0.0094, -0.0065, 0.4326, -0.9015
-0.0094, -0.0065, 0.4340, -0.9008
-0.0094, -0.0064, 0.4355, -0.9001
-0.0094, -0.0064, 0.4369, -0.8994
-0.0094, -0.0064, 0.4385, -0.8987
-0.0094, -0.0064, 0.4400, -0.8979
-0.0095, -0.0064, 0.4415, -0.8972
-0.0095, -0.0064, 0.4429, -0.8965
-0.0095, -0.0064, 0.4444, -0.8958
-0.0096, -0.0064, 0.4486, -0.8936
-0.0096, -0.0064, 0.4500, -0.8929
-0.0096, -0.0064, 0.4514, -0.8922
-0.0097, -0.0065, 0.4528, -0.8915
-0.0097, -0.0064, 0.4541, -0.8909
-0.0097, -0.0064, 0.4554, -0.8902
-0.0097, -0.0064, 0.4567, -0.8896
-0.0097, -0.0064, 0.4579, -0.8889
-0.0097, -0.0064, 0.4592, -0.8882
-0.0098, -0.0064, 0.4605, -0.8876
-0.0098, -0.0064, 0.4631, -0.8862
-0.0098, -0.0064, 0.4645, -0.8855
-0.0098, -0.0064, 0.4658, -0.8848
-0.0098, -0.0064, 0.4671, -0.8841
-0.0098, -0.0064, 0.4685, -0.8834
-0.0099, -0.0064, 0.4698, -0.8827
-0.0099, -0.0063, 0.4712, -0.8820
-0.0099, -0.0063, 0.4725, -0.8812
-0.0099, -0.0063, 0.4739, -0.8805
-0.0099, -0.0063, 0.4753, -0.8797
-0.0099, -0.0062, 0.4768, -0.8790
-0.0099, -0.0062, 0.4782, -0.8782
-0.0099, -0.0062, 0.4797, -0.8774
-0.0099, -0.0062, 0.4811, -0.8766
-0.0099, -0.0062, 0.4825, -0.8758
-0.0099, -0.0062, 0.4839, -0.8750
-0.0099, -0.0061, 0.4853, -0.8743
-0.0099, -0.0061, 0.4868, -0.8735
-0.0099, -0.0061, 0.4883, -0.8726
-0.0099, -0.0061, 0.4898, -0.8717
-0.0100, -0.0061, 0.4914, -0.8708
-0.0100, -0.0061, 0.4931, -0.8699
-0.0100, -0.0061, 0.4948, -0.8689
-0.0100, -0.0060, 0.4966, -0.8679
-0.0100, -0.0060, 0.4984, -0.8669
-0.0101, -0.0060, 0.5002, -0.8658
-0.0101, -0.0060, 0.5021, -0.8648
-0.0101, -0.0060, 0.5039, -0.8637
-0.0101, -0.0059, 0.5058, -0.8626
-0.0101, -0.0059, 0.5077, -0.8615
-0.0101, -0.0059, 0.5096, -0.8604
-0.0101, -0.0059, 0.5115, -0.8592
-0.0101, -0.0058, 0.5134, -0.8580
-0.0101, -0.0058, 0.5154, -0.8569
-0.0101, -0.0058, 0.5174, -0.8556
-0.0102, -0.0058, 0.5195, -0.8544
-0.0102, -0.0057, 0.5215, -0.8532
-0.0102, -0.0057, 0.5235, -0.8519
-0.0102, -0.0057, 0.5256, -0.8507
-0.0102, -0.0057, 0.5294, -0.8483
-0.0102, -0.0056, 0.5313, -0.8471
-0.0103, -0.0056, 0.5331, -0.8460
-0.0103, -0.0056, 0.5349, -0.8449
-0.0103, -0.0056, 0.5366, -0.8437
-0.0103, -0.0056, 0.5383, -0.8426
-0.0103, -0.0056, 0.5400, -0.8416
-0.0104, -0.0056, 0.5416, -0.8405
-0.0104, -0.0055, 0.5449, -0.8384
-0.0104, -0.0055, 0.5465, -0.8374
-0.0104, -0.0055, 0.5481, -0.8363
-0.0104, -0.0055, 0.5497, -0.8353
-0.0104, -0.0055, 0.5515, -0.8341
-0.0105, -0.0055, 0.5533, -0.8329
-0.0105, -0.0054, 0.5551, -0.8317
-0.0105, -0.0054, 0.5570, -0.8305
-0.0105, -0.0054, 0.5588, -0.8292
-0.0105, -0.0054, 0.5607, -0.8279
-0.0105, -0.0054, 0.5626, -0.8267
-0.0105, -0.0053, 0.5644, -0.8254
-0.0105, -0.0053, 0.5661, -0.8242
-0.0105, -0.0053, 0.5678, -0.8231
-0.0106, -0.0053, 0.5695, -0.8219
-0.0106, -0.0053, 0.5712, -0.8207
-0.0106, -0.0052, 0.5728, -0.8196
-0.0106, -0.0052, 0.5743, -0.8185
-0.0106, -0.0052, 0.5758, -0.8175
-0.0106, -0.0052, 0.5771, -0.8166
-0.0106, -0.0052, 0.5785, -0.8156
-0.0106, -0.0052, 0.5799, -0.8146
-0.0106, -0.0052, 0.5813, -0.8136
-0.0106, -0.0051, 0.5827, -0.8126
-0.0107, -0.0051, 0.5842, -0.8115
-0.0107, -0.0051, 0.5857, -0.8104
-0.0107, -0.0051, 0.5874, -0.8092
-0.0107, -0.0051, 0.5891, -0.8080
-0.0107, -0.0050, 0.5909, -0.8067
-0.0107, -0.0050, 0.5928, -0.8052
-0.0107, -0.0049, 0.5971, -0.8021
-0.0108, -0.0049, 0.5995, -0.8003
-0.0108, -0.0049, 0.6020, -0.7984
-0.0108, -0.0048, 0.6047, -0.7964
-0.0108, -0.0048, 0.6075, -0.7942
-0.0108, -0.0048, 0.6104, -0.7920
-0.0109, -0.0047, 0.6134, -0.7897
-0.0109, -0.0047, 0.6165, -0.7873
-0.0109, -0.0047, 0.6196, -0.7848
-0.0109, -0.0046, 0.6227, -0.7824
-0.0110, -0.0046, 0.6259, -0.7798
-0.0110, -0.0046, 0.6291, -0.7772
-0.0110, -0.0045, 0.6323, -0.7746
-0.0111, -0.0045, 0.6356, -0.7719
-0.0111, -0.0044, 0.6388, -0.7693
-0.0111, -0.0044, 0.6420, -0.7666
-0.0112, -0.0044, 0.6452, -0.7639
-0.0112, -0.0043, 0.6484, -0.7612
-0.0112, -0.0043, 0.6515, -0.7585
-0.0113, -0.0043, 0.6546, -0.7559
-0.0113, -0.0043, 0.6577, -0.7532
-0.0113, -0.0042, 0.6608, -0.7504
-0.0114, -0.0042, 0.6639, -0.7478
-0.0114, -0.0041, 0.6668, -0.7451
-0.0114, -0.0041, 0.6696, -0.7426
-0.0114, -0.0041, 0.6723, -0.7402
-0.0114, -0.0040, 0.6747, -0.7380
-0.0115, -0.0040, 0.6771, -0.7358
-0.0115, -0.0040, 0.6793, -0.7337
-0.0115, -0.0039, 0.6835, -0.7299
-0.0116, -0.0039, 0.6854, -0.7281
-0.0116, -0.0039, 0.6872, -0.7263
-0.0116, -0.0039, 0.6890, -0.7246
-0.0116, -0.0038, 0.6908, -0.7229
-0.0116, -0.0038, 0.6925, -0.7213
-0.0117, -0.0038, 0.6941, -0.7197
-0.0117, -0.0038, 0.6957, -0.7182
-0.0117, -0.0038, 0.6972, -0.7168
-0.0117, -0.0037, 0.6987, -0.7153
-0.0117, -0.0037, 0.7003, -0.7138
-0.0117, -0.0037, 0.7018, -0.7123
-0.0117, -0.0037, 0.7034, -0.7107
-0.0118, -0.0036, 0.7049, -0.7092
-0.0118, -0.0036, 0.7065, -0.7076
-0.0118, -0.0036, 0.7082, -0.7059
-0.0118, -0.0036, 0.7099, -0.7042
-0.0118, -0.0035, 0.7116, -0.7025
-0.0118, -0.0035, 0.7135, -0.7005
-0.0118, -0.0035, 0.7155, -0.6985
-0.0118, -0.0034, 0.7176, -0.6963
-0.0118, -0.0034, 0.7199, -0.6940
-0.0118, -0.0033, 0.7223, -0.6915
-0.0118, -0.0033, 0.7248, -0.6889
-0.0118, -0.0032, 0.7275, -0.6860
-0.0117, -0.0032, 0.7303, -0.6830
-0.0117, -0.0031, 0.7332, -0.6799
-0.0117, -0.0030, 0.7362, -0.6766
-0.0117, -0.0030, 0.7394, -0.6732
-0.0116, -0.0029, 0.7426, -0.6696
-0.0116, -0.0028, 0.7459, -0.6660
-0.0115, -0.0027, 0.7493, -0.6622
-0.0115, -0.0027, 0.7527, -0.6583
-0.0115, -0.0026, 0.7562, -0.6543
-0.0113, -0.0024, 0.7633, -0.6460
-0.0133, -0.0015, 0.8508, -0.5253
-0.0133, -0.0015, 0.8529, -0.5220
-0.0132, -0.0014, 0.8549, -0.5186
-0.0132, -0.0014, 0.8587, -0.5123
-0.0132, -0.0013, 0.8605, -0.5092
-0.0132, -0.0013, 0.8623, -0.5062
-0.0132, -0.0012, 0.8640, -0.5033
-0.0132, -0.0012, 0.8657, -0.5003
-0.0132, -0.0012, 0.8674, -0.4974
-0.0132, -0.0011, 0.8691, -0.4945
-0.0132, -0.0011, 0.8708, -0.4915
-0.0132, -0.0011, 0.8724, -0.4886
-0.0132, -0.0010, 0.8740, -0.4857
-0.0132, -0.0010, 0.8756, -0.4829
-0.0131, -0.0008, 0.8814, -0.4722
-0.0131, -0.0008, 0.8828, -0.4696
-0.0131, -0.0007, 0.8841, -0.4671
-0.0131, -0.0007, 0.8854, -0.4647
-0.0131, -0.0007, 0.8867, -0.4622
-0.0131, -0.0006, 0.8880, -0.4597
-0.0131, -0.0006, 0.8893, -0.4572
-0.0131, -0.0006, 0.8906, -0.4547
-0.0130, -0.0005, 0.8919, -0.4521
-0.0130, -0.0005, 0.8932, -0.4495
-0.0130, -0.0005, 0.8945, -0.4469
-0.0130, -0.0004, 0.8958, -0.4442
-0.0130, -0.0004, 0.8971, -0.4416
-0.0130, -0.0004, 0.8985, -0.4388
-0.0130, -0.0003, 0.8998, -0.4361
-0.0130, -0.0003, 0.9012, -0.4332
-0.0129, -0.0002, 0.9026, -0.4304
-0.0129, -0.0001, 0.9053, -0.4245
-0.0128, -0.0001, 0.9067, -0.4215
-0.0128, -0.0001, 0.9082, -0.4184
-0.0128, 0.0000, 0.9095, -0.4154
-0.0128, 0.0000, 0.9109, -0.4124
-0.0128, 0.0001, 0.9123, -0.4094
-0.0127, 0.0001, 0.9136, -0.4064
-0.0127, 0.0001, 0.9149, -0.4034
-0.0127, 0.0002, 0.9162, -0.4005
-0.0127, 0.0002, 0.9175, -0.3975
-0.0127, 0.0003, 0.9187, -0.3947
-0.0127, 0.0003, 0.9199, -0.3919
-0.0127, 0.0003, 0.9211, -0.3891
-0.0126, 0.0004, 0.9222, -0.3864
-0.0126, 0.0004, 0.9234, -0.3837
-0.0126, 0.0004, 0.9244, -0.3811
-0.0126, 0.0005, 0.9255, -0.3785
-0.0126, 0.0005, 0.9265, -0.3760
-0.0125, 0.0005, 0.9276, -0.3734
-0.0125, 0.0006, 0.9297, -0.3681
-0.0125, 0.0006, 0.9308, -0.3654
-0.0124, 0.0007, 0.9318, -0.3627
-0.0124, 0.0007, 0.9329, -0.3598
-0.0124, 0.0008, 0.9341, -0.3569
-0.0123, 0.0009, 0.9364, -0.3507
-0.0122, 0.0009, 0.9376, -0.3475
-0.0121, 0.0011, 0.9425, -0.3339
-0.0121, 0.0012, 0.9437, -0.3305
-0.0121, 0.0012, 0.9448, -0.3273
-0.0120, 0.0012, 0.9459, -0.3242
-0.0120, 0.0013, 0.9469, -0.3212
-0.0120, 0.0013, 0.9479, -0.3183
-0.0120, 0.0013, 0.9489, -0.3155
-0.0121, 0.0014, 0.9498, -0.3127
-0.0121, 0.0014, 0.9516, -0.3072
-0.0122, 0.0014, 0.9525, -0.3044
-0.0122, 0.0014, 0.9543, -0.2987
-0.0123, 0.0015, 0.9552, -0.2957
-0.0123, 0.0015, 0.9561, -0.2927
-0.0123, 0.0015, 0.9570, -0.2897
-0.0123, 0.0015, 0.9580, -0.2866
-0.0124, 0.0016, 0.9589, -0.2836
-0.0124, 0.0016, 0.9598, -0.2805
-0.0124, 0.0016, 0.9606, -0.2776
-0.0124, 0.0016, 0.9615, -0.2747
-0.0124, 0.0017, 0.9622, -0.2719
-0.0124, 0.0017, 0.9630, -0.2692
-0.0125, 0.0017, 0.9637, -0.2667
-0.0125, 0.0017, 0.9644, -0.2643
-0.0125, 0.0017, 0.9650, -0.2620
-0.0125, 0.0018, 0.9656, -0.2598
-0.0125, 0.0018, 0.9661, -0.2577
-0.0125, 0.0018, 0.9667, -0.2556
-0.0125, 0.0018, 0.9672, -0.2536
-0.0126, 0.0019, 0.9677, -0.2517
-0.0126, 0.0019, 0.9682, -0.2497
-0.0126, 0.0019, 0.9688, -0.2477
-0.0126, 0.0019, 0.9693, -0.2457
-0.0126, 0.0019, 0.9698, -0.2436
-0.0126, 0.0020, 0.9703, -0.2416
-0.0126, 0.0020, 0.9708, -0.2396
-0.0126, 0.0020, 0.9713, -0.2375
-0.0126, 0.0020, 0.9718, -0.2354
-0.0126, 0.0021, 0.9723, -0.2333
-0.0126, 0.0021, 0.9728, -0.2312
-0.0126, 0.0021, 0.9733, -0.2290
-0.0126, 0.0022, 0.9744, -0.2244
-0.0126, 0.0022, 0.9750, -0.2219
-0.0125, 0.0022, 0.9756, -0.2194
-0.0125, 0.0023, 0.9761, -0.2168
-0.0125, 0.0023, 0.9767, -0.2141
-0.0125, 0.0023, 0.9773, -0.2115
-0.0125, 0.0024, 0.9785, -0.2061
-0.0125, 0.0024, 0.9790, -0.2034
-0.0125, 0.0024, 0.9796, -0.2007
-0.0124, 0.0025, 0.9807, -0.1953
-0.0124, 0.0025, 0.9812, -0.1927
-0.0124, 0.0026, 0.9817, -0.1901
-0.0124, 0.0026, 0.9822, -0.1875
-0.0124, 0.0026, 0.9827, -0.1849
-0.0124, 0.0027, 0.9831, -0.1824
-0.0124, 0.0027, 0.9836, -0.1799
-0.0123, 0.0027, 0.9840, -0.1775
-0.0123, 0.0027, 0.9845, -0.1751
-0.0123, 0.0028, 0.9849, -0.1728
-0.0123, 0.0028, 0.9852, -0.1707
-0.0123, 0.0028, 0.9856, -0.1686
-0.0122, 0.0028, 0.9860, -0.1665
-0.0122, 0.0028, 0.9863, -0.1645
-0.0122, 0.0029, 0.9866, -0.1626
-0.0122, 0.0029, 0.9869, -0.1607
-0.0122, 0.0029, 0.9872, -0.1588
-0.0122, 0.0029, 0.9875, -0.1570
-0.0122, 0.0029, 0.9878, -0.1551
-0.0122, 0.0030, 0.9881, -0.1532
-0.0122, 0.0030, 0.9884, -0.1512
-0.0122, 0.0030, 0.9887, -0.1492
-0.0121, 0.0030, 0.9890, -0.1473
-0.0121, 0.0030, 0.9893, -0.1453
-0.0121, 0.0030, 0.9896, -0.1434
-0.0121, 0.0031, 0.9899, -0.1414
-0.0121, 0.0031, 0.9901, -0.1395
-0.0121, 0.0031, 0.9904, -0.1375
-0.0121, 0.0031, 0.9907, -0.1355
-0.0121, 0.0031, 0.9910, -0.1335
-0.0121, 0.0032, 0.9912, -0.1316
-0.0120, 0.0032, 0.9915, -0.1296
-0.0120, 0.0032, 0.9917, -0.1277
-0.0120, 0.0032, 0.9920, -0.1257
-0.0120, 0.0033, 0.9922, -0.1237
-0.0120, 0.0033, 0.9925, -0.1216
-0.0120, 0.0033, 0.9928, -0.1195
-0.0120, 0.0034, 0.9933, -0.1152
-0.0120, 0.0034, 0.9935, -0.1130
-0.0120, 0.0034, 0.9938, -0.1108
-0.0120, 0.0034, 0.9940, -0.1086
-0.0120, 0.0034, 0.9942, -0.1065
-0.0119, 0.0035, 0.9945, -0.1043
-0.0119, 0.0035, 0.9947, -0.1023
-0.0119, 0.0035, 0.9949, -0.1003
-0.0119, 0.0035, 0.9951, -0.0983
-0.0119, 0.0036, 0.9953, -0.0964
-0.0119, 0.0036, 0.9954, -0.0945
-0.0119, 0.0036, 0.9956, -0.0927
-0.0118, 0.0036, 0.9958, -0.0909
-0.0118, 0.0036, 0.9959, -0.0891
-0.0118, 0.0036, 0.9961, -0.0874
-0.0118, 0.0036, 0.9962, -0.0857
-0.0118, 0.0037, 0.9964, -0.0840
-0.0117, 0.0037, 0.9965, -0.0823
-0.0117, 0.0037, 0.9967, -0.0806
-0.0117, 0.0037, 0.9968, -0.0789
-0.0117, 0.0037, 0.9969, -0.0772
-0.0117, 0.0038, 0.9973, -0.0723
-0.0117, 0.0038, 0.9974, -0.0708
-0.0117, 0.0038, 0.9975, -0.0693
-0.0117, 0.0038, 0.9976, -0.0679
-0.0117, 0.0038, 0.9977, -0.0665
-0.0116, 0.0038, 0.9978, -0.0652
-0.0116, 0.0038, 0.9979, -0.0639
-0.0116, 0.0038, 0.9980, -0.0626
-0.0116, 0.0039, 0.9980, -0.0613
-0.0116, 0.0039, 0.9981, -0.0601
-0.0116, 0.0039, 0.9982, -0.0589
-0.0116, 0.0039, 0.9983, -0.0577
-0.0116, 0.0039, 0.9983, -0.0567
-0.0116, 0.0039, 0.9984, -0.0556
-0.0115, 0.0039, 0.9984, -0.0546
-0.0115, 0.0039, 0.9985, -0.0536
-0.0115, 0.0039, 0.9985, -0.0526
-0.0115, 0.0040, 0.9986, -0.0516
-0.0115, 0.0040, 0.9986, -0.0507
-0.0115, 0.0040, 0.9987, -0.0497
-0.0115, 0.0040, 0.9988, -0.0478
-0.0115, 0.0040, 0.9988, -0.0469
-0.0115, 0.0040, 0.9989, -0.0460
-0.0115, 0.0040, 0.9989, -0.0451
-0.0115, 0.0040, 0.9989, -0.0443
-0.0115, 0.0040, 0.9990, -0.0428
-0.0115, 0.0040, 0.9991, -0.0413
-0.0114, 0.0040, 0.9991, -0.0405
-0.0114, 0.0040, 0.9991, -0.0398
-0.0114, 0.0040, 0.9992, -0.0390
-0.0114, 0.0040, 0.9992, -0.0383
-0.0114, 0.0041, 0.9992, -0.0376
-0.0114, 0.0041, 0.9992, -0.0369
-0.0114, 0.0041, 0.9993, -0.0363
-0.0114, 0.0041, 0.9993, -0.0356
-0.0114, 0.0041, 0.9993, -0.0349
-0.0114, 0.0041, 0.9993, -0.0342
-0.0114, 0.0041, 0.9995, -0.0304
-0.0113, 0.0041, 0.9995, -0.0296
-0.0113, 0.0041, 0.9995, -0.0287
-0.0113, 0.0041, 0.9995, -0.0278
-0.0113, 0.0041, 0.9996, -0.0269
-0.0113, 0.0042, 0.9996, -0.0260
-0.0113, 0.0042, 0.9996, -0.0250
-0.0113, 0.0042, 0.9997, -0.0231
-0.0113, 0.0042, 0.9997, -0.0221
-0.0113, 0.0042, 0.9997, -0.0211
-0.0113, 0.0042, 0.9997, -0.0201
-0.0113, 0.0042, 0.9997, -0.0193
-0.0113, 0.0042, 0.9998, -0.0185
-0.0113, 0.0043, 0.9998, -0.0177
-0.0113, 0.0043, 0.9998, -0.0169
-0.0113, 0.0043, 0.9998, -0.0161
-0.0113, 0.0043, 0.9998, -0.0145
-0.0113, 0.0043, 0.9998, -0.0130
-0.0113, 0.0043, 0.9999, -0.0123
-0.0112, 0.0043, 0.9999, -0.0115
-0.0112, 0.0043, 0.9999, -0.0109
-0.0112, 0.0043, 0.9999, -0.0103
-0.0112, 0.0043, 0.9999, -0.0098
-0.0112, 0.0043, 0.9999, -0.0094
-0.0112, 0.0043, 0.9999, -0.0091
-0.0112, 0.0043, 0.9999, -0.0088
-0.0112, 0.0043, 0.9999, -0.0086
-0.0112, 0.0043, 0.9999, -0.0085
-0.0112, 0.0043, 0.9999, -0.0085
-0.0112, 0.0043, 0.9999, -0.0085
-0.0112, 0.0043, 0.9999, -0.0085
-0.0112, 0.0043, 0.9999, -0.0085
-0.0112, 0.0043, 0.9999, -0.0085
-0.0112, 0.0043, 0.9999, -0.0085
-0.0112, 0.0043, 0.9999, -0.0085
-0.0112, 0.0043, 0.9999, -0.0085
-0.0112, 0.0043, 0.9999, -0.0085
-0.0112, 0.0043, 0.9999, -0.0085
-0.0112, 0.0043, 0.9999, -0.0085
-0.0112, 0.0043, 0.9999, -0.0085
-0.0112, 0.0043, 0.9999, -0.0085
-0.0112, 0.0043, 0.9999, -0.0085
-0.0112, 0.0043, 0.9999, -0.0085
-0.0112, 0.0043, 0.9999, -0.0085
-0.0112, 0.0043, 0.9999, -0.0085
-0.0112, 0.0043, 0.9999, -0.0085
-0.0112, 0.0043, 0.9999, -0.0085
-0.0112, 0.0043, 0.9999, -0.0085
-0.0112, 0.0043, 0.9999, -0.0085
-0.0112, 0.0043, 0.9999, -0.0085
-0.0112, 0.0043, 0.9999, -0.0085
-0.0112, 0.0043, 0.9999, -0.0085
-0.0112, 0.0043, 0.9999, -0.0085
-0.0112, 0.0043, 0.9999, -0.0085
-0.0112, 0.0043, 0.9999, -0.0085
-0.0112, 0.0043, 0.9999, -0.0085
-0.0112, 0.0043, 0.9999, -0.0085
-0.0112, 0.0043, 0.9999, -0.0085
-0.0112, 0.0043, 0.9999, -0.0085
-0.0112, 0.0043, 0.9999, -0.0085
-0.0112, 0.0043, 0.9999, -0.0085
-0.0112, 0.0043, 0.9999, -0.0085
-0.0112, 0.0043, 0.9999, -0.0085
-0.0112, 0.0043, 0.9999, -0.0085
-0.0112, 0.0043, 0.9999, -0.0085
-0.0112, 0.0043, 0.9999, -0.0085
-0.0112, 0.0043, 0.9999, -0.0085
-0.0112, 0.0043, 0.9999, -0.0085
-0.0112, 0.0043, 0.9999, -0.0085
-0.0112, 0.0044, 0.9999, -0.0085
-0.0112, 0.0044, 0.9999, -0.0085
-0.0112, 0.0044, 0.9999, -0.0085
-0.0112, 0.0044, 0.9999, -0.0085
-0.0112, 0.0044, 0.9999, -0.0085
-0.0112, 0.0044, 0.9999, -0.0085
-0.0112, 0.0044, 0.9999, -0.0085
-0.0112, 0.0044, 0.9999, -0.0085
-0.0112, 0.0044, 0.9999, -0.0085
-0.0112, 0.0044, 0.9999, -0.0085
-0.0112, 0.0044, 0.9999, -0.0085
-0.0112, 0.0044, 0.9999, -0.0085
-0.0112, 0.0044, 0.9999, -0.0085
-0.0112, 0.0044, 0.9999, -0.0085
-0.0112, 0.0044, 0.9999, -0.0085
-0.0112, 0.0044, 0.9999, -0.0085
-0.0112, 0.0044, 0.9999, -0.0085
-0.0112, 0.0044, 0.9999, -0.0085
-0.0112, 0.0044, 0.9999, -0.0085
-0.0112, 0.0044, 0.9999, -0.0085
-0.0112, 0.0044, 0.9999, -0.0085
-0.0112, 0.0044, 0.9999, -0.0085
-0.0112, 0.0044, 0.9999, -0.0085
-0.0112, 0.0044, 0.9999, -0.0085
-0.0112, 0.0044, 0.9999, -0.0085
-0.0112, 0.0044, 0.9999, -0.0085
-0.0112, 0.0044, 0.9999, -0.0085
-0.0112, 0.0044, 0.9999, -0.0085
-0.0112, 0.0044, 0.9999, -0.0085
-0.0112, 0.0044, 0.9999, -0.0085
-0.0112, 0.0044, 0.9999, -0.0085
-0.0112, 0.0044, 0.9999, -0.0085
-0.0112, 0.0044, 0.9999, -0.0085
-0.0112, 0.0044, 0.9999, -0.0085
-0.0112, 0.0044, 0.9999, -0.0085
-0.0112, 0.0044, 0.9999, -0.0085
-0.0112, 0.0044, 0.9999, -0.0085
-0.0112, 0.0044, 0.9999, -0.0085
-0.0112, 0.0044, 0.9999, -0.0085
-0.0112, 0.0044, 0.9999, -0.0085
-0.0112, 0.0044, 0.9999, -0.0085
-0.0112, 0.0044, 0.9999, -0.0085
-0.0112, 0.0044, 0.9999, -0.0085
-0.0112, 0.0044, 0.9999, -0.0085
-0.0112, 0.0044, 0.9999, -0.0085
-0.0112, 0.0044, 0.9999, -0.0085
-0.0112, 0.0044, 0.9999, -0.0085
-0.0112, 0.0044, 0.9999, -0.0085
-0.0112, 0.0044, 0.9999, -0.0085
-0.0112, 0.0044, 0.9999, -0.0085
-0.0112, 0.0044, 0.9999, -0.0085
-0.0112, 0.0044, 0.9999, -0.0085
-0.0112, 0.0044, 0.9999, -0.0085
-0.0112, 0.0044, 0.9999, -0.0085
-0.0112, 0.0044, 0.9999, -0.0085
-0.0112, 0.0044, 0.9999, -0.0085
-0.0112, 0.0044, 0.9999, -0.0085
-0.0112, 0.0044, 0.9999, -0.0085
-0.0112, 0.0044, 0.9999, -0.0085
-0.0112, 0.0044, 0.9999, -0.0085
-0.0112, 0.0044, 0.9999, -0.0086
-0.0112, 0.0044, 0.9999, -0.0089
-0.0112, 0.0044, 0.9999, -0.0096
-0.0112, 0.0044, 0.9999, -0.0108
-0.0112, 0.0044, 0.9999, -0.0122
-0.0112, 0.0044, 0.9998, -0.0139
-0.0112, 0.0043, 0.9998, -0.0173
-0.0112, 0.0043, 0.9997, -0.0190
-0.0112, 0.0043, 0.9997, -0.0208
-0.0112, 0.0042, 0.9996, -0.0244
-0.0112, 0.0042, 0.9996, -0.0262
-0.0112, 0.0042, 0.9995, -0.0279
-0.0112, 0.0042, 0.9995, -0.0297
-0.0112, 0.0041, 0.9993, -0.0349
-0.0113, 0.0041, 0.9993, -0.0368
-0.0113, 0.0041, 0.9992, -0.0386
-0.0113, 0.0041, 0.9991, -0.0405
-0.0113, 0.0041, 0.9990, -0.0423
-0.0113, 0.0040, 0.9990, -0.0440
-0.0113, 0.0040, 0.9989, -0.0456
-0.0113, 0.0040, 0.9988, -0.0471
-0.0113, 0.0040, 0.9987, -0.0485
-0.0113, 0.0040, 0.9987, -0.0499
-0.0113, 0.0040, 0.9986, -0.0512
-0.0113, 0.0040, 0.9986, -0.0524
-0.0113, 0.0040, 0.9985, -0.0535
-0.0113, 0.0039, 0.9984, -0.0544
-0.0113, 0.0039, 0.9984, -0.0553
-0.0113, 0.0039, 0.9984, -0.0561
-0.0113, 0.0039, 0.9983, -0.0569
-0.0113, 0.0039, 0.9983, -0.0577
-0.0113, 0.0039, 0.9982, -0.0584
-0.0113, 0.0039, 0.9982, -0.0592
-0.0113, 0.0039, 0.9981, -0.0601
-0.0113, 0.0039, 0.9981, -0.0609
-0.0113, 0.0039, 0.9980, -0.0618
-0.0114, 0.0039, 0.9980, -0.0627
-0.0113, 0.0039, 0.9979, -0.0637
-0.0113, 0.0039, 0.9978, -0.0648
-0.0114, 0.0038, 0.9978, -0.0659
-0.0114, 0.0038, 0.9977, -0.0671
-0.0114, 0.0038, 0.9976, -0.0684
-0.0114, 0.0038, 0.9975, -0.0698
-0.0114, 0.0038, 0.9974, -0.0712
-0.0114, 0.0038, 0.9973, -0.0728
-0.0114, 0.0038, 0.9972, -0.0745
-0.0114, 0.0037, 0.9970, -0.0763
-0.0114, 0.0037, 0.9969, -0.0782
-0.0114, 0.0037, 0.9967, -0.0802
-0.0114, 0.0037, 0.9965, -0.0823
-0.0114, 0.0037, 0.9964, -0.0844
-0.0114, 0.0036, 0.9962, -0.0866
-0.0115, 0.0036, 0.9960, -0.0889
-0.0114, 0.0036, 0.9958, -0.0912
-0.0114, 0.0035, 0.9953, -0.0963
-0.0114, 0.0035, 0.9950, -0.0989
-0.0114, 0.0035, 0.9947, -0.1016
-0.0114, 0.0035, 0.9945, -0.1044
-0.0114, 0.0034, 0.9942, -0.1073
-0.0114, 0.0034, 0.9938, -0.1103
-0.0114, 0.0034, 0.9935, -0.1134
-0.0114, 0.0033, 0.9931, -0.1166
-0.0115, 0.0033, 0.9927, -0.1199
-0.0115, 0.0032, 0.9914, -0.1303
-0.0115, 0.0032, 0.9909, -0.1337
-0.0115, 0.0031, 0.9905, -0.1372
-0.0115, 0.0031, 0.9900, -0.1405
-0.0115, 0.0031, 0.9895, -0.1438
-0.0115, 0.0030, 0.9891, -0.1470
-0.0116, 0.0030, 0.9886, -0.1501
-0.0116, 0.0030, 0.9881, -0.1533
-0.0116, 0.0029, 0.9876, -0.1564
-0.0116, 0.0029, 0.9871, -0.1595
-0.0116, 0.0029, 0.9866, -0.1627
-0.0117, 0.0028, 0.9860, -0.1660
-0.0117, 0.0028, 0.9855, -0.1694
-0.0117, 0.0028, 0.9848, -0.1730
-0.0117, 0.0027, 0.9842, -0.1767
-0.0118, 0.0027, 0.9827, -0.1846
-0.0118, 0.0026, 0.9811, -0.1930
-0.0118, 0.0025, 0.9802, -0.1974
-0.0118, 0.0025, 0.9793, -0.2020
-0.0118, 0.0024, 0.9784, -0.2066
-0.0119, 0.0024, 0.9774, -0.2112
-0.0119, 0.0024, 0.9763, -0.2159
-0.0120, 0.0023, 0.9753, -0.2206
-0.0120, 0.0023, 0.9742, -0.2253
-0.0120, 0.0022, 0.9731, -0.2300
-0.0121, 0.0021, 0.9709, -0.2392
-0.0122, 0.0021, 0.9698, -0.2437
-0.0123, 0.0020, 0.9686, -0.2482
-0.0123, 0.0020, 0.9675, -0.2527
-0.0122, 0.0019, 0.9651, -0.2615
-0.0121, 0.0019, 0.9639, -0.2660
-0.0122, 0.0019, 0.9627, -0.2704
-0.0122, 0.0018, 0.9614, -0.2749
-0.0122, 0.0018, 0.9601, -0.2794
-0.0122, 0.0017, 0.9587, -0.2840
-0.0122, 0.0017, 0.9573, -0.2887
-0.0121, 0.0017, 0.9559, -0.2933
-0.0121, 0.0016, 0.9545, -0.2979
-0.0121, 0.0016, 0.9531, -0.3025
-0.0122, 0.0015, 0.9516, -0.3070
-0.0122, 0.0015, 0.9502, -0.3113
-0.0122, 0.0014, 0.9489, -0.3154
-0.0122, 0.0014, 0.9475, -0.3194
-0.0122, 0.0014, 0.9462, -0.3232
-0.0122, 0.0013, 0.9439, -0.3301
-0.0122, 0.0013, 0.9428, -0.3332
-0.0122, 0.0013, 0.9418, -0.3361
-0.0122, 0.0012, 0.9408, -0.3387
-0.0122, 0.0012, 0.9400, -0.3411
-0.0122, 0.0012, 0.9392, -0.3432
-0.0122, 0.0012, 0.9384, -0.3452
-0.0122, 0.0011, 0.9377, -0.3472
-0.0122, 0.0011, 0.9370, -0.3490
-0.0123, 0.0011, 0.9363, -0.3509
-0.0123, 0.0011, 0.9356, -0.3528
-0.0124, 0.0009, 0.9313, -0.3642
-0.0124, 0.0009, 0.9302, -0.3668
-0.0124, 0.0008, 0.9291, -0.3696
-0.0124, 0.0008, 0.9280, -0.3724
-0.0124, 0.0008, 0.9269, -0.3752
-0.0124, 0.0007, 0.9257, -0.3780
-0.0124, 0.0007, 0.9246, -0.3806
-0.0124, 0.0006, 0.9236, -0.3832
-0.0124, 0.0006, 0.9216, -0.3879
-0.0125, 0.0006, 0.9207, -0.3900
-0.0125, 0.0005, 0.9198, -0.3921
-0.0125, 0.0005, 0.9190, -0.3941
-0.0125, 0.0005, 0.9181, -0.3961
-0.0125, 0.0005, 0.9172, -0.3981
-0.0125, 0.0004, 0.9163, -0.4003
-0.0125, 0.0004, 0.9153, -0.4025
-0.0125, 0.0004, 0.9143, -0.4048
-0.0125, 0.0003, 0.9121, -0.4097
-0.0125, 0.0003, 0.9110, -0.4123
-0.0125, 0.0002, 0.9098, -0.4149
-0.0126, 0.0002, 0.9086, -0.4175
-0.0125, 0.0002, 0.9074, -0.4201
-0.0126, 0.0002, 0.9062, -0.4227
-0.0126, 0.0001, 0.9050, -0.4252
-0.0126, 0.0001, 0.9039, -0.4276
-0.0126, 0.0001, 0.9028, -0.4300
-0.0126, 0.0000, 0.9017, -0.4322
-0.0127, 0.0000, 0.9006, -0.4344
-0.0127, 0.0000, 0.8996, -0.4366
-0.0127, 0.0000, 0.8985, -0.4388
-0.0127, -0.0001, 0.8974, -0.4410
-0.0127, -0.0001, 0.8963, -0.4433
-0.0128, -0.0002, 0.8950, -0.4458
-0.0128, -0.0002, 0.8937, -0.4484
-0.0128, -0.0002, 0.8923, -0.4512
-0.0128, -0.0003, 0.8908, -0.4543
-0.0128, -0.0003, 0.8891, -0.4575
-0.0129, -0.0004, 0.8873, -0.4610
-0.0129, -0.0004, 0.8854, -0.4646
-0.0129, -0.0005, 0.8834, -0.4684
-0.0129, -0.0006, 0.8792, -0.4763
-0.0129, -0.0006, 0.8770, -0.4804
-0.0129, -0.0007, 0.8747, -0.4845
-0.0128, -0.0007, 0.8699, -0.4931
-0.0127, -0.0008, 0.8648, -0.5020
-0.0127, -0.0009, 0.8621, -0.5066
-0.0128, -0.0009, 0.8593, -0.5112
-0.0127, -0.0010, 0.8565, -0.5159
-0.0127, -0.0010, 0.8537, -0.5206
-0.0126, -0.0011, 0.8508, -0.5253
-0.0126, -0.0011, 0.8479, -0.5301
-0.0125, -0.0011, 0.8448, -0.5349
-0.0124, -0.0012, 0.8418, -0.5397
-0.0122, -0.0012, 0.8386, -0.5446
-0.0119, -0.0011, 0.8354, -0.5495
-0.0116, -0.0010, 0.8321, -0.5546
-0.0113, -0.0010, 0.8286, -0.5597
-0.0113, -0.0011, 0.8251, -0.5649
-0.0113, -0.0011, 0.8215, -0.5701
-0.0113, -0.0012, 0.8179, -0.5753
-0.0113, -0.0013, 0.8142, -0.5804
-0.0113, -0.0013, 0.8106, -0.5855
-0.0114, -0.0015, 0.8036, -0.5951
-0.0115, -0.0016, 0.8002, -0.5996
-0.0116, -0.0023, 0.7665, -0.6422
-0.0116, -0.0023, 0.7643, -0.6447
-0.0115, -0.0023, 0.7621, -0.6473
-0.0115, -0.0024, 0.7599, -0.6500
-0.0115, -0.0024, 0.7575, -0.6527
-0.0115, -0.0024, 0.7551, -0.6556
-0.0115, -0.0025, 0.7525, -0.6584
-0.0115, -0.0025, 0.7499, -0.6614
-0.0115, -0.0026, 0.7473, -0.6644
-0.0115, -0.0026, 0.7445, -0.6675
-0.0115, -0.0027, 0.7417, -0.6706
-0.0116, -0.0027, 0.7388, -0.6738
-0.0115, -0.0028, 0.7359, -0.6770
-0.0115, -0.0028, 0.7328, -0.6804
-0.0115, -0.0029, 0.7296, -0.6838
-0.0116, -0.0030, 0.7263, -0.6872
-0.0116, -0.0030, 0.7230, -0.6908
-0.0116, -0.0031, 0.7196, -0.6943
-0.0116, -0.0032, 0.7161, -0.6979
-0.0116, -0.0032, 0.7126, -0.7015
-0.0115, -0.0032, 0.7090, -0.7051
-0.0115, -0.0033, 0.7054, -0.7087
-0.0115, -0.0033, 0.7017, -0.7123
-0.0115, -0.0034, 0.6979, -0.7161
-0.0114, -0.0034, 0.6941, -0.7198
-0.0114, -0.0035, 0.6901, -0.7236
-0.0114, -0.0035, 0.6861, -0.7274
-0.0113, -0.0036, 0.6820, -0.7312
-0.0113, -0.0036, 0.6780, -0.7350
-0.0113, -0.0037, 0.6738, -0.7388
-0.0113, -0.0037, 0.6697, -0.7425
-0.0112, -0.0038, 0.6656, -0.7462
-0.0112, -0.0038, 0.6615, -0.7499
-0.0112, -0.0039, 0.6573, -0.7535
-0.0112, -0.0040, 0.6531, -0.7572
-0.0112, -0.0040, 0.6488, -0.7609
-0.0111, -0.0041, 0.6445, -0.7645
-0.0111, -0.0041, 0.6402, -0.7681
-0.0111, -0.0042, 0.6359, -0.7717
-0.0111, -0.0042, 0.6315, -0.7753
-0.0111, -0.0043, 0.6272, -0.7788
-0.0110, -0.0043, 0.6229, -0.7822
-0.0110, -0.0044, 0.6187, -0.7856
-0.0110, -0.0044, 0.6146, -0.7887
-0.0110, -0.0045, 0.6107, -0.7918
-0.0110, -0.0045, 0.6070, -0.7946
-0.0109, -0.0046, 0.6034, -0.7973
-0.0109, -0.0046, 0.6000, -0.7999
-0.0109, -0.0047, 0.5967, -0.8024
-0.0109, -0.0047, 0.5934, -0.8048
-0.0109, -0.0047, 0.5902, -0.8072
-0.0109, -0.0048, 0.5869, -0.8096
-0.0109, -0.0048, 0.5836, -0.8120
-0.0108, -0.0049, 0.5802, -0.8144
-0.0108, -0.0049, 0.5766, -0.8169
-0.0108, -0.0049, 0.5729, -0.8196
-0.0108, -0.0050, 0.5689, -0.8223
-0.0107, -0.0050, 0.5646, -0.8253
-0.0107, -0.0051, 0.5600, -0.8284
-0.0107, -0.0052, 0.5551, -0.8317
-0.0107, -0.0052, 0.5499, -0.8351
-0.0106, -0.0053, 0.5445, -0.8387
-0.0106, -0.0054, 0.5391, -0.8422
-0.0106, -0.0054, 0.5335, -0.8457
-0.0105, -0.0055, 0.5279, -0.8492
-0.0105, -0.0055, 0.5223, -0.8527
-0.0104, -0.0056, 0.5167, -0.8561
-0.0103, -0.0056, 0.5111, -0.8594
-0.0103, -0.0056, 0.5054, -0.8628
-0.0102, -0.0056, 0.4998, -0.8660
-0.0102, -0.0057, 0.4943, -0.8692
-0.0101, -0.0057, 0.4890, -0.8722
-0.0100, -0.0057, 0.4837, -0.8752
-0.0100, -0.0058, 0.4786, -0.8779
-0.0099, -0.0058, 0.4737, -0.8806
-0.0099, -0.0060, 0.4641, -0.8857
-0.0098, -0.0060, 0.4595, -0.8881
-0.0098, -0.0060, 0.4550, -0.8904
-0.0098, -0.0060, 0.4506, -0.8927
-0.0097, -0.0061, 0.4463, -0.8948
-0.0097, -0.0061, 0.4421, -0.8969
-0.0097, -0.0062, 0.4381, -0.8988
-0.0097, -0.0063, 0.4342, -0.9008
-0.0097, -0.0063, 0.4302, -0.9026
-0.0096, -0.0063, 0.4263, -0.9045
-0.0096, -0.0063, 0.4224, -0.9063
-0.0095, -0.0064, 0.4184, -0.9082
-0.0096, -0.0065, 0.4144, -0.9100
-0.0095, -0.0065, 0.4104, -0.9118
-0.0095, -0.0066, 0.4064, -0.9136
-0.0095, -0.0066, 0.4024, -0.9154
-0.0095, -0.0067, 0.3985, -0.9171
-0.0094, -0.0068, 0.3947, -0.9187
-0.0094, -0.0068, 0.3911, -0.9203
-0.0094, -0.0069, 0.3876, -0.9217
-0.0094, -0.0069, 0.3843, -0.9231
-0.0094, -0.0069, 0.3812, -0.9244
-0.0094, -0.0070, 0.3781, -0.9257
-0.0093, -0.0070, 0.3752, -0.9269
-0.0093, -0.0070, 0.3722, -0.9281
-0.0093, -0.0071, 0.3693, -0.9292
-0.0093, -0.0071, 0.3664, -0.9304
-0.0092, -0.0071, 0.3633, -0.9316
-0.0092, -0.0072, 0.3602, -0.9328
-0.0092, -0.0072, 0.3570, -0.9340
-0.0091, -0.0072, 0.3503, -0.9366
-0.0090, -0.0072, 0.3469, -0.9378
-0.0090, -0.0072, 0.3434, -0.9391
-0.0090, -0.0073, 0.3399, -0.9404
-0.0089, -0.0073, 0.3363, -0.9417
-0.0088, -0.0073, 0.3327, -0.9430
-0.0088, -0.0073, 0.3291, -0.9442
-0.0087, -0.0073, 0.3255, -0.9455
-0.0087, -0.0073, 0.3218, -0.9467
-0.0086, -0.0073, 0.3182, -0.9479
-0.0086, -0.0074, 0.3147, -0.9491
-0.0085, -0.0074, 0.3112, -0.9503
-0.0085, -0.0074, 0.3079, -0.9514
-0.0084, -0.0074, 0.3045, -0.9524
-0.0083, -0.0073, 0.3013, -0.9535
-0.0082, -0.0073, 0.2980, -0.9545
-0.0082, -0.0073, 0.2947, -0.9555
-0.0081, -0.0073, 0.2915, -0.9565
-0.0081, -0.0073, 0.2882, -0.9575
-0.0081, -0.0073, 0.2850, -0.9585
-0.0080, -0.0074, 0.2818, -0.9594
-0.0077, -0.0076, 0.2528, -0.9675
-0.0077, -0.0076, 0.2492, -0.9684
-0.0077, -0.0076, 0.2457, -0.9693
-0.0076, -0.0076, 0.2422, -0.9702
-0.0076, -0.0077, 0.2389, -0.9710
-0.0070, -0.0081, 0.1697, -0.9854
-0.0069, -0.0081, 0.1661, -0.9861
-0.0069, -0.0081, 0.1625, -0.9867
-0.0068, -0.0081, 0.1589, -0.9872
-0.0068, -0.0082, 0.1553, -0.9878
-0.0068, -0.0082, 0.1517, -0.9884
-0.0067, -0.0082, 0.1482, -0.9889
-0.0067, -0.0082, 0.1448, -0.9894
-0.0067, -0.0082, 0.1415, -0.9899
-0.0066, -0.0082, 0.1383, -0.9903
-0.0066, -0.0082, 0.1353, -0.9908
-0.0066, -0.0083, 0.1323, -0.9912
-0.0065, -0.0083, 0.1294, -0.9915
-0.0065, -0.0083, 0.1266, -0.9919
-0.0065, -0.0083, 0.1239, -0.9922
-0.0065, -0.0083, 0.1212, -0.9926
-0.0064, -0.0084, 0.1185, -0.9929
-0.0064, -0.0084, 0.1158, -0.9932
-0.0064, -0.0084, 0.1132, -0.9935
-0.0064, -0.0084, 0.1105, -0.9938
-0.0063, -0.0085, 0.1053, -0.9944
-0.0063, -0.0085, 0.1027, -0.9947
-0.0063, -0.0085, 0.1001, -0.9949
-0.0063, -0.0085, 0.0975, -0.9952
-0.0062, -0.0086, 0.0948, -0.9954
-0.0062, -0.0086, 0.0920, -0.9957
-0.0062, -0.0086, 0.0892, -0.9960
-0.0062, -0.0087, 0.0865, -0.9962
-0.0062, -0.0087, 0.0839, -0.9964
-0.0062, -0.0087, 0.0813, -0.9966
-0.0055, -0.0092, 0.0084, -0.9999
-0.0054, -0.0093, 0.0039, -0.9999
0.0054, 0.0093, 0.0006, 0.9999
0.0053, 0.0093, 0.0053, 0.9999
0.0053, 0.0094, 0.0100, 0.9999
0.0052, 0.0094, 0.0147, 0.9998
0.0052, 0.0094, 0.0196, 0.9998
0.0051, 0.0094, 0.0244, 0.9996
0.0051, 0.0094, 0.0294, 0.9995
0.0050, 0.0094, 0.0393, 0.9992
0.0049, 0.0094, 0.0442, 0.9990
0.0049, 0.0094, 0.0491, 0.9987
0.0048, 0.0094, 0.0539, 0.9985
0.0047, 0.0094, 0.0586, 0.9982
0.0047, 0.0094, 0.0632, 0.9979
0.0046, 0.0094, 0.0677, 0.9977
0.0046, 0.0094, 0.0721, 0.9973
0.0045, 0.0094, 0.0764, 0.9970
0.0045, 0.0094, 0.0806, 0.9967
0.0045, 0.0094, 0.0846, 0.9964
0.0044, 0.0095, 0.0885, 0.9960
0.0044, 0.0095, 0.0922, 0.9957
0.0043, 0.0095, 0.0958, 0.9953
0.0043, 0.0095, 0.0995, 0.9950
0.0042, 0.0095, 0.1033, 0.9946
0.0042, 0.0095, 0.1071, 0.9942
0.0041, 0.0095, 0.1111, 0.9938
0.0041, 0.0095, 0.1152, 0.9933
0.0040, 0.0095, 0.1194, 0.9928
0.0040, 0.0095, 0.1237, 0.9923
0.0039, 0.0095, 0.1281, 0.9917
0.0039, 0.0095, 0.1325, 0.9911
0.0038, 0.0095, 0.1369, 0.9905
0.0037, 0.0095, 0.1412, 0.9899
0.0037, 0.0094, 0.1454, 0.9893
0.0036, 0.0094, 0.1494, 0.9887
0.0036, 0.0094, 0.1533, 0.9881
0.0035, 0.0094, 0.1570, 0.9875
0.0035, 0.0094, 0.1606, 0.9870
0.0035, 0.0094, 0.1640, 0.9864
0.0034, 0.0094, 0.1672, 0.9859
0.0034, 0.0094, 0.1700, 0.9854
0.0033, 0.0094, 0.1722, 0.9850
0.0033, 0.0094, 0.1738, 0.9847
0.0033, 0.0094, 0.1748, 0.9846
0.0033, 0.0094, 0.1751, 0.9845
0.0033, 0.0094, 0.1751, 0.9845
0.0033, 0.0094, 0.1748, 0.9846
0.0033, 0.0094, 0.1743, 0.9846
0.0033, 0.0094, 0.1737, 0.9848
0.0033, 0.0094, 0.1729, 0.9849
0.0033, 0.0094, 0.1720, 0.9851
0.0033, 0.0093, 0.1708, 0.9853
0.0033, 0.0093, 0.1694, 0.9855
0.0034, 0.0093, 0.1678, 0.9858
0.0034, 0.0093, 0.1661, 0.9861
0.0034, 0.0093, 0.1641, 0.9864
0.0034, 0.0093, 0.1619, 0.9867
0.0034, 0.0093, 0.1596, 0.9871
0.0035, 0.0093, 0.1572, 0.9875
0.0035, 0.0093, 0.1519, 0.9884
0.0035, 0.0093, 0.1491, 0.9888
0.0036, 0.0093, 0.1462, 0.9892
0.0036, 0.0093, 0.1434, 0.9896
0.0036, 0.0093, 0.1405, 0.9900
0.0037, 0.0093, 0.1376, 0.9904
0.0037, 0.0093, 0.1348, 0.9908
0.0037, 0.0093, 0.1321, 0.9912
0.0038, 0.0093, 0.1294, 0.9915
0.0038, 0.0093, 0.1268, 0.9919
0.0038, 0.0093, 0.1243, 0.9922
0.0038, 0.0093, 0.1219, 0.9925
0.0038, 0.0093, 0.1195, 0.9928
0.0039, 0.0093, 0.1148, 0.9933
0.0039, 0.0093, 0.1125, 0.9936
0.0039, 0.0093, 0.1103, 0.9939
0.0040, 0.0092, 0.1081, 0.9941
0.0040, 0.0092, 0.1060, 0.9943
0.0040, 0.0092, 0.1039, 0.9945
0.0040, 0.0092, 0.1020, 0.9947
0.0040, 0.0092, 0.1001, 0.9949
0.0041, 0.0092, 0.0982, 0.9951
0.0041, 0.0092, 0.0965, 0.9953
0.0041, 0.0092, 0.0948, 0.9954
0.0041, 0.0092, 0.0932, 0.9956
0.0041, 0.0092, 0.0918, 0.9957
0.0041, 0.0092, 0.0904, 0.9959
0.0041, 0.0092, 0.0892, 0.9960
0.0042, 0.0092, 0.0881, 0.9961
0.0042, 0.0092, 0.0872, 0.9961
0.0042, 0.0092, 0.0863, 0.9962
0.0042, 0.0092, 0.0856, 0.9963
0.0042, 0.0092, 0.0849, 0.9963
0.0042, 0.0092, 0.0843, 0.9964
0.0042, 0.0092, 0.0838, 0.9964
0.0042, 0.0092, 0.0833, 0.9965
0.0042, 0.0092, 0.0830, 0.9965
0.0042, 0.0093, 0.0827, 0.9965
0.0042, 0.0093, 0.0826, 0.9965
0.0042, 0.0093, 0.0825, 0.9965
0.0042, 0.0092, 0.0825, 0.9965
0.0042, 0.0092, 0.0825, 0.9965
0.0042, 0.0092, 0.0825, 0.9965
0.0042, 0.0092, 0.0825, 0.9965
0.0042, 0.0092, 0.0825, 0.9965
0.0042, 0.0092, 0.0825, 0.9965
0.0042, 0.0092, 0.0825, 0.9965
0.0042, 0.0092, 0.0825, 0.9965
0.0042, 0.0092, 0.0825, 0.9965
0.0042, 0.0092, 0.0825, 0.9965
0.0042, 0.0092, 0.0825, 0.9965
0.0042, 0.0092, 0.0825, 0.9965
0.0042, 0.0092, 0.0825, 0.9965
0.0042, 0.0092, 0.0825, 0.9965
0.0042, 0.0092, 0.0825, 0.9965
0.0042, 0.0092, 0.0825, 0.9965
0.0042, 0.0092, 0.0825, 0.9965
0.0042, 0.0092, 0.0825, 0.9965
0.0042, 0.0092, 0.0825, 0.9965
0.0042, 0.0092, 0.0825, 0.9965
0.0042, 0.0092, 0.0825, 0.9965
0.0042, 0.0092, 0.0825, 0.9965
0.0042, 0.0092, 0.0825, 0.9965
0.0042, 0.0092, 0.0825, 0.9965
0.0042, 0.0092, 0.0825, 0.9965
0.0042, 0.0092, 0.0825, 0.9965
0.0042, 0.0092, 0.0825, 0.9965
0.0042, 0.0092, 0.0825, 0.9965
0.0042, 0.0092, 0.0825, 0.9965
0.0042, 0.0092, 0.0825, 0.9965
0.0042, 0.0092, 0.0825, 0.9965
0.0042, 0.0092, 0.0825, 0.9965
0.0042, 0.0092, 0.0827, 0.9965
0.0042, 0.0092, 0.0830, 0.9965
0.0041, 0.0092, 0.0838, 0.9964
0.0041, 0.0092, 0.0852, 0.9963
0.0041, 0.0092, 0.0874, 0.9961
0.0040, 0.0093, 0.0903, 0.9959
0.0040, 0.0093, 0.0936, 0.9956
0.0039, 0.0094, 0.0978, 0.9952
0.0039, 0.0095, 0.1024, 0.9947
0.0038, 0.0097, 0.1076, 0.9941
0.0037, 0.0099, 0.1134, 0.9935
0.0036, 0.0099, 0.1197, 0.9928
0.0035, 0.0100, 0.1263, 0.9919
0.0034, 0.0100, 0.1334, 0.9910
0.0033, 0.0101, 0.1407, 0.9900
0.0032, 0.0101, 0.1482, 0.9889
0.0031, 0.0102, 0.1559, 0.9877
0.0030, 0.0103, 0.1638, 0.9864
0.0029, 0.0104, 0.1718, 0.9851
0.0027, 0.0105, 0.1800, 0.9836
0.0026, 0.0105, 0.1883, 0.9821
0.0025, 0.0106, 0.1967, 0.9804
0.0024, 0.0107, 0.2053, 0.9786
0.0022, 0.0107, 0.2140, 0.9768
0.0021, 0.0107, 0.2226, 0.9748
0.0020, 0.0108, 0.2313, 0.9728
0.0018, 0.0109, 0.2398, 0.9708
0.0017, 0.0109, 0.2482, 0.9687
0.0013, 0.0111, 0.2837, 0.9588
0.0012, 0.0111, 0.2893, 0.9572
0.0011, 0.0111, 0.2944, 0.9556
0.0011, 0.0110, 0.2991, 0.9542
0.0009, 0.0109, 0.3145, 0.9492
0.0009, 0.0109, 0.3179, 0.9481
0.0008, 0.0109, 0.3244, 0.9459
0.0007, 0.0109, 0.3276, 0.9448
0.0007, 0.0109, 0.3306, 0.9437
0.0006, 0.0109, 0.3335, 0.9427
0.0006, 0.0110, 0.3364, 0.9416
0.0005, 0.0110, 0.3392, 0.9407
0.0005, 0.0110, 0.3419, 0.9397
0.0005, 0.0109, 0.3445, 0.9387
0.0005, 0.0107, 0.3474, 0.9377
0.0005, 0.0108, 0.3504, 0.9365
0.0004, 0.0108, 0.3536, 0.9353
0.0004, 0.0107, 0.3571, 0.9340
0.0004, 0.0106, 0.3610, 0.9325
0.0004, 0.0105, 0.3653, 0.9308
0.0003, 0.0105, 0.3700, 0.9290
0.0003, 0.0104, 0.3753, 0.9269
0.0002, 0.0103, 0.3809, 0.9246
0.0002, 0.0102, 0.3869, 0.9221
0.0000, 0.0100, 0.3999, 0.9165
-0.0005, 0.0095, 0.4550, 0.8904
-0.0005, 0.0094, 0.4614, 0.8872
-0.0006, 0.0093, 0.4677, 0.8839
-0.0007, 0.0092, 0.4739, 0.8805
-0.0007, 0.0091, 0.4802, 0.8771
-0.0008, 0.0091, 0.4864, 0.8737
-0.0009, 0.0090, 0.4928, 0.8701
-0.0010, 0.0090, 0.4992, 0.8665
-0.0011, 0.0090, 0.5056, 0.8627
-0.0012, 0.0090, 0.5122, 0.8588
-0.0012, 0.0089, 0.5187, 0.8549
-0.0013, 0.0089, 0.5253, 0.8509
-0.0014, 0.0089, 0.5320, 0.8467
-0.0015, 0.0089, 0.5387, 0.8425
-0.0016, 0.0088, 0.5453, 0.8382
-0.0017, 0.0088, 0.5518, 0.8339
-0.0018, 0.0088, 0.5579, 0.8299
-0.0019, 0.0088, 0.5637, 0.8259
-0.0020, 0.0088, 0.5692, 0.8222
-0.0021, 0.0089, 0.5743, 0.8186
-0.0022, 0.0090, 0.5792, 0.8151
-0.0023, 0.0091, 0.5840, 0.8117
-0.0024, 0.0093, 0.5886, 0.8084
-0.0025, 0.0094, 0.5930, 0.8052
-0.0026, 0.0096, 0.5973, 0.8019
-0.0027, 0.0097, 0.6016, 0.7988
-0.0028, 0.0098, 0.6057, 0.7956
-0.0029, 0.0098, 0.6099, 0.7924
-0.0030, 0.0098, 0.6142, 0.7891
-0.0030, 0.0098, 0.6187, 0.7856
-0.0031, 0.0098, 0.6232, 0.7820
-0.0032, 0.0097, 0.6327, 0.7743
-0.0033, 0.0097, 0.6376, 0.7703
-0.0034, 0.0096, 0.6426, 0.7661
-0.0035, 0.0096, 0.6475, 0.7620
-0.0035, 0.0096, 0.6524, 0.7578
-0.0036, 0.0095, 0.6572, 0.7536
-0.0037, 0.0095, 0.6619, 0.7495
-0.0038, 0.0095, 0.6711, 0.7413
-0.0038, 0.0095, 0.6754, 0.7374
-0.0039, 0.0095, 0.6796, 0.7336
-0.0040, 0.0095, 0.6836, 0.7298
-0.0040, 0.0095, 0.6875, 0.7261
-0.0041, 0.0095, 0.6913, 0.7225
-0.0042, 0.0095, 0.6951, 0.7189
-0.0042, 0.0094, 0.6987, 0.7153
-0.0043, 0.0094, 0.7023, 0.7118
-0.0044, 0.0094, 0.7058, 0.7083
-0.0044, 0.0093, 0.7091, 0.7050
-0.0045, 0.0093, 0.7123, 0.7018
-0.0046, 0.0093, 0.7154, 0.6987
-0.0046, 0.0093, 0.7184, 0.6956
-0.0047, 0.0093, 0.7214, 0.6924
-0.0047, 0.0093, 0.7245, 0.6892
-0.0048, 0.0093, 0.7276, 0.6859
-0.0048, 0.0093, 0.7307, 0.6826
-0.0049, 0.0092, 0.7338, 0.6793
-0.0049, 0.0092, 0.7368, 0.6760
-0.0050, 0.0092, 0.7399, 0.6727
-0.0051, 0.0092, 0.7430, 0.6693
-0.0051, 0.0092, 0.7461, 0.6658
-0.0052, 0.0091, 0.7492, 0.6622
-0.0052, 0.0091, 0.7524, 0.6587
-0.0053, 0.0091, 0.7555, 0.6551
-0.0053, 0.0091, 0.7586, 0.6514
-0.0054, 0.0090, 0.7617, 0.6478
-0.0054, 0.0090, 0.7648, 0.6442
-0.0055, 0.0090, 0.7678, 0.6406
-0.0055, 0.0090, 0.7709, 0.6369
-0.0055, 0.0089, 0.7740, 0.6331
-0.0056, 0.0089, 0.7772, 0.6292
-0.0056, 0.0089, 0.7804, 0.6251
-0.0057, 0.0088, 0.7838, 0.6210
-0.0057, 0.0088, 0.7872, 0.6166
-0.0058, 0.0087, 0.7907, 0.6122
-0.0058, 0.0087, 0.7942, 0.6076
-0.0059, 0.0087, 0.7977, 0.6030
-0.0060, 0.0087, 0.8011, 0.5984
-0.0060, 0.0086, 0.8045, 0.5938
-0.0061, 0.0086, 0.8078, 0.5893
-0.0061, 0.0086, 0.8110, 0.5849
-0.0062, 0.0085, 0.8141, 0.5806
-0.0062, 0.0085, 0.8172, 0.5763
-0.0063, 0.0085, 0.8201, 0.5721
-0.0064, 0.0085, 0.8231, 0.5679
-0.0064, 0.0085, 0.8260, 0.5636
-0.0065, 0.0084, 0.8288, 0.5594
-0.0065, 0.0084, 0.8317, 0.5551
-0.0066, 0.0084, 0.8346, 0.5508
-0.0066, 0.0083, 0.8375, 0.5464
-0.0067, 0.0083, 0.8403, 0.5420
-0.0067, 0.0083, 0.8432, 0.5374
-0.0068, 0.0082, 0.8462, 0.5328
-0.0069, 0.0082, 0.8521, 0.5232
-0.0069, 0.0081, 0.8552, 0.5182
-0.0070, 0.0081, 0.8584, 0.5129
-0.0071, 0.0080, 0.8616, 0.5075
-0.0071, 0.0080, 0.8648, 0.5019
-0.0072, 0.0080, 0.8682, 0.4961
-0.0072, 0.0079, 0.8715, 0.4902
-0.0073, 0.0078, 0.8750, 0.4841
-0.0073, 0.0078, 0.8784, 0.4778
-0.0074, 0.0078, 0.8818, 0.4714
-0.0075, 0.0077, 0.8853, 0.4650
-0.0075, 0.0077, 0.8887, 0.4584
-0.0076, 0.0076, 0.8920, 0.4518
-0.0077, 0.0076, 0.8953, 0.4453
-0.0077, 0.0075, 0.8985, 0.4389
-0.0078, 0.0075, 0.9015, 0.4326
-0.0078, 0.0074, 0.9044, 0.4265
-0.0078, 0.0074, 0.9072, 0.4205
-0.0079, 0.0074, 0.9099, 0.4148
-0.0079, 0.0073, 0.9124, 0.4091
-0.0080, 0.0073, 0.9149, 0.4036
-0.0080, 0.0073, 0.9173, 0.3981
-0.0080, 0.0072, 0.9196, 0.3928
-0.0080, 0.0072, 0.9217, 0.3877
-0.0081, 0.0071, 0.9259, 0.3776
-0.0081, 0.0071, 0.9279, 0.3727
-0.0082, 0.0070, 0.9298, 0.3680
-0.0082, 0.0070, 0.9316, 0.3632
-0.0083, 0.0069, 0.9352, 0.3540
-0.0083, 0.0069, 0.9369, 0.3494
-0.0083, 0.0069, 0.9386, 0.3449
-0.0084, 0.0069, 0.9402, 0.3404
-0.0084, 0.0068, 0.9418, 0.3359
-0.0085, 0.0068, 0.9435, 0.3313
-0.0085, 0.0067, 0.9451, 0.3267
-0.0085, 0.0067, 0.9467, 0.3220
-0.0086, 0.0066, 0.9497, 0.3129
-0.0087, 0.0066, 0.9512, 0.3084
-0.0087, 0.0066, 0.9526, 0.3041
-0.0087, 0.0065, 0.9539, 0.3000
-0.0087, 0.0065, 0.9551, 0.2961
-0.0088, 0.0065, 0.9562, 0.2924
-0.0088, 0.0064, 0.9573, 0.2888
-0.0088, 0.0064, 0.9584, 0.2853
-0.0088, 0.0064, 0.9594, 0.2819
-0.0090, 0.0060, 0.9672, 0.2537
-0.0090, 0.0060, 0.9682, 0.2498
-0.0091, 0.0060, 0.9692, 0.2459
-0.0091, 0.0059, 0.9702, 0.2419
-0.0091, 0.0059, 0.9712, 0.2378
-0.0091, 0.0058, 0.9722, 0.2337
-0.0091, 0.0058, 0.9732, 0.2295
-0.0092, 0.0057, 0.9752, 0.2213
-0.0092, 0.0056, 0.9761, 0.2172
-0.0092, 0.0056, 0.9770, 0.2131
-0.0092, 0.0056, 0.9779, 0.2090
-0.0093, 0.0055, 0.9787, 0.2049
-0.0093, 0.0055, 0.9796, 0.2007
-0.0093, 0.0054, 0.9804, 0.1966
-0.0093, 0.0054, 0.9813, 0.1924
-0.0094, 0.0053, 0.9821, 0.1883
-0.0094, 0.0053, 0.9828, 0.1841
-0.0094, 0.0052, 0.9836, 0.1800
-0.0094, 0.0052, 0.9844, 0.1758
-0.0095, 0.0052, 0.9851, 0.1717
-0.0095, 0.0051, 0.9858, 0.1677
-0.0095, 0.0050, 0.9871, 0.1597
-0.0095, 0.0049, 0.9877, 0.1558
-0.0095, 0.0049, 0.9883, 0.1519
-0.0095, 0.0048, 0.9889, 0.1480
-0.0096, 0.0048, 0.9895, 0.1442
-0.0096, 0.0048, 0.9900, 0.1404
-0.0096, 0.0047, 0.9906, 0.1367
-0.0096, 0.0047, 0.9910, 0.1331
-0.0096, 0.0047, 0.9915, 0.1295
-0.0097, 0.0046, 0.9920, 0.1260
-0.0097, 0.0046, 0.9924, 0.1226
-0.0097, 0.0046, 0.9928, 0.1192
-0.0098, 0.0046, 0.9932, 0.1159
-0.0098, 0.0046, 0.9936, 0.1126
-0.0098, 0.0045, 0.9939, 0.1095
-0.0098, 0.0045, 0.9943, 0.1064
-0.0098, 0.0045, 0.9946, 0.1033
-0.0099, 0.0045, 0.9949, 0.1004
-0.0099, 0.0045, 0.9952, 0.0976
-0.0099, 0.0044, 0.9954, 0.0948
-0.0099, 0.0044, 0.9957, 0.0923
-0.0099, 0.0044, 0.9959, 0.0899
-0.0099, 0.0043, 0.9961, 0.0877
-0.0099, 0.0043, 0.9963, 0.0855
-0.0099, 0.0043, 0.9965, 0.0835
-0.0099, 0.0042, 0.9966, 0.0816
-0.0099, 0.0042, 0.9968, 0.0797
-0.0099, 0.0042, 0.9969, 0.0780
-0.0099, 0.0042, 0.9970, 0.0763
-0.0099, 0.0042, 0.9972, 0.0747
-0.0099, 0.0042, 0.9973, 0.0731
-0.0099, 0.0041, 0.9974, 0.0716
-0.0099, 0.0041, 0.9975, 0.0702
-0.0099, 0.0041, 0.9976, 0.0687
-0.0099, 0.0041, 0.9977, 0.0673
-0.0099, 0.0041, 0.9978, 0.0658
-0.0099, 0.0041, 0.9979, 0.0644
-0.0099, 0.0041, 0.9980, 0.0630
-0.0099, 0.0041, 0.9980, 0.0616
-0.0100, 0.0041, 0.9981, 0.0603
-0.0100, 0.0041, 0.9982, 0.0589
-0.0100, 0.0041, 0.9983, 0.0576
-0.0100, 0.0041, 0.9984, 0.0563
-0.0100, 0.0040, 0.9984, 0.0550
-0.0100, 0.0040, 0.9985, 0.0537
-0.0100, 0.0040, 0.9986, 0.0524
-0.0101, 0.0040, 0.9986, 0.0510
-0.0101, 0.0040, 0.9987, 0.0496
-0.0101, 0.0040, 0.9988, 0.0482
-0.0101, 0.0040, 0.9989, 0.0467
-0.0101, 0.0040, 0.9989, 0.0451
-0.0101, 0.0040, 0.9990, 0.0434
-0.0101, 0.0040, 0.9991, 0.0418
-0.0101, 0.0040, 0.9991, 0.0402
-0.0102, 0.0040, 0.9992, 0.0385
-0.0102, 0.0040, 0.9993, 0.0368
-0.0102, 0.0040, 0.9993, 0.0350
-0.0103, 0.0041, 0.9995, 0.0296
-0.0103, 0.0041, 0.9996, 0.0278
-0.0104, 0.0041, 0.9996, 0.0261
-0.0104, 0.0041, 0.9996, 0.0245
-0.0104, 0.0041, 0.9997, 0.0229
-0.0104, 0.0041, 0.9997, 0.0213
-0.0104, 0.0041, 0.9997, 0.0198
-0.0105, 0.0041, 0.9998, 0.0183
-0.0105, 0.0041, 0.9998, 0.0168
-0.0105, 0.0041, 0.9998, 0.0153
-0.0105, 0.0041, 0.9998, 0.0137
-0.0105, 0.0041, 0.9999, 0.0121
-0.0105, 0.0041, 0.9999, 0.0104
-0.0105, 0.0041, 0.9999, 0.0085
-0.0105, 0.0041, 0.9999, 0.0066
-0.0106, 0.0040, 0.9999, 0.0023
-0.0106, 0.0040, 0.9999, 0.0001
-0.0106, 0.0040, 0.9999, -0.0022
-0.0106, 0.0040, 0.9999, -0.0045
-0.0106, 0.0040, 0.9999, -0.0068
-0.0106, 0.0040, 0.9999, -0.0090
-0.0106, 0.0039, 0.9999, -0.0111
-0.0107, 0.0039, 0.9998, -0.0132
-0.0107, 0.0039, 0.9998, -0.0150
-0.0107, 0.0039, 0.9998, -0.0168
-0.0107, 0.0039, 0.9998, -0.0184
-0.0107, 0.0039, 0.9997, -0.0199
-0.0107, 0.0039, 0.9997, -0.0212
-0.0107, 0.0039, 0.9997, -0.0225
-0.0107, 0.0039, 0.9997, -0.0238
-0.0107, 0.0039, 0.9996, -0.0250
-0.0107, 0.0038, 0.9996, -0.0263
-0.0107, 0.0038, 0.9996, -0.0276
-0.0107, 0.0038, 0.9995, -0.0289
-0.0107, 0.0038, 0.9993, -0.0368
-0.0108, 0.0038, 0.9992, -0.0380
-0.0108, 0.0038, 0.9992, -0.0393
-0.0108, 0.0038, 0.9991, -0.0405
-0.0108, 0.0037, 0.9991, -0.0417
-0.0108, 0.0037, 0.9990, -0.0429
-0.0108, 0.0037, 0.9990, -0.0440
-0.0108, 0.0037, 0.9989, -0.0451
-0.0108, 0.0037, 0.9989, -0.0462
-0.0108, 0.0037, 0.9988, -0.0472
-0.0108, 0.0037, 0.9988, -0.0481
-0.0108, 0.0037, 0.9987, -0.0490
-0.0108, 0.0037, 0.9987, -0.0498
-0.0108, 0.0037, 0.9987, -0.0507
-0.0108, 0.0037, 0.9986, -0.0524
-0.0108, 0.0037, 0.9985, -0.0532
-0.0108, 0.0037, 0.9985, -0.0539
-0.0108, 0.0037, 0.9984, -0.0546
-0.0108, 0.0037, 0.9984, -0.0551
-0.0108, 0.0037, 0.9984, -0.0556
-0.0108, 0.0037, 0.9984, -0.0560
-0.0108, 0.0037, 0.9984, -0.0563
-0.0108, 0.0037, 0.9983, -0.0565
-0.0108, 0.0037, 0.9983, -0.0568
-0.0108, 0.0037, 0.9983, -0.0571
-0.0108, 0.0037, 0.9983, -0.0574
-0.0108, 0.0037, 0.9983, -0.0578
-0.0108, 0.0037, 0.9982, -0.0582
-0.0108, 0.0037, 0.9982, -0.0587
-0.0108, 0.0037, 0.9982, -0.0592
-0.0108, 0.0037, 0.9981, -0.0597
-0.0108, 0.0037, 0.9981, -0.0602
-0.0108, 0.0037, 0.9981, -0.0606
-0.0108, 0.0037, 0.9981, -0.0610
-0.0108, 0.0037, 0.9981, -0.0613
-0.0109, 0.0037, 0.9980, -0.0615
-0.0109, 0.0037, 0.9980, -0.0616
-0.0109, 0.0037, 0.9980, -0.0618
-0.0109, 0.0037, 0.9980, -0.0618
-0.0109, 0.0037, 0.9980, -0.0618
-0.0109, 0.0037, 0.9980, -0.0618
-0.0109, 0.0038, 0.9980, -0.0618
-0.0109, 0.0037, 0.9980, -0.0618
-0.0109, 0.0037, 0.9980, -0.0618
-0.0109, 0.0037, 0.9980, -0.0618
-0.0109, 0.0037, 0.9980, -0.0618
-0.0109, 0.0037, 0.9980, -0.0618
-0.0109, 0.0037, 0.9980, -0.0619
-0.0109, 0.0037, 0.9980, -0.0619
-0.0109, 0.0037, 0.9980, -0.0619
-0.0109, 0.0037, 0.9980, -0.0619
-0.0109, 0.0037, 0.9980, -0.0619
-0.0109, 0.0037, 0.9980, -0.0619
-0.0109, 0.0037, 0.9980, -0.0619
-0.0109, 0.0037, 0.9980, -0.0619
-0.0109, 0.0037, 0.9980, -0.0619
-0.0109, 0.0037, 0.9980, -0.0619
-0.0109, 0.0037, 0.9980, -0.0619
-0.0109, 0.0037, 0.9980, -0.0619
-0.0109, 0.0037, 0.9980, -0.0620
-0.0109, 0.0037, 0.9980, -0.0623
-0.0109, 0.0037, 0.9980, -0.0627
-0.0109, 0.0037, 0.9979, -0.0634
-0.0109, 0.0037, 0.9979, -0.0640
-0.0109, 0.0037, 0.9978, -0.0647
-0.0109, 0.0037, 0.9978, -0.0653
-0.0109, 0.0037, 0.9978, -0.0657
-0.0109, 0.0037, 0.9978, -0.0660
-0.0109, 0.0037, 0.9977, -0.0661
-0.0109, 0.0037, 0.9977, -0.0662
-0.0109, 0.0037, 0.9977, -0.0662
-0.0109, 0.0037, 0.9977, -0.0662
-0.0109, 0.0037, 0.9977, -0.0661
-0.0109, 0.0037, 0.9977, -0.0661
-0.0109, 0.0037, 0.9978, -0.0660
-0.0109, 0.0037, 0.9978, -0.0660
-0.0109, 0.0037, 0.9978, -0.0659
-0.0109, 0.0037, 0.9978, -0.0658
-0.0109, 0.0037, 0.9978, -0.0657
-0.0109, 0.0037, 0.9978, -0.0657
-0.0109, 0.0037, 0.9978, -0.0657
-0.0109, 0.0037, 0.9978, -0.0656
-0.0109, 0.0037, 0.9978, -0.0657
-0.0109, 0.0037, 0.9978, -0.0657
-0.0109, 0.0037, 0.9978, -0.0657
-0.0108, 0.0037, 0.9978, -0.0657
-0.0108, 0.0037, 0.9978, -0.0657
-0.0109, 0.0037, 0.9978, -0.0657
-0.0109, 0.0037, 0.9978, -0.0657
-0.0109, 0.0037, 0.9978, -0.0656
-0.0109, 0.0037, 0.9978, -0.0655
-0.0109, 0.0037, 0.9978, -0.0653
-0.0109, 0.0037, 0.9978, -0.0651
-0.0109, 0.0037, 0.9978, -0.0648
-0.0109, 0.0037, 0.9978, -0.0645
-0.0108, 0.0037, 0.9979, -0.0643
-0.0108, 0.0037, 0.9979, -0.0640
-0.0108, 0.0037, 0.9979, -0.0637
-0.0108, 0.0037, 0.9979, -0.0634
-0.0108, 0.0038, 0.9979, -0.0631
-0.0108, 0.0038, 0.9980, -0.0629
-0.0108, 0.0038, 0.9980, -0.0626
-0.0108, 0.0038, 0.9980, -0.0624
-0.0108, 0.0038, 0.9980, -0.0621
-0.0108, 0.0038, 0.9980, -0.0618
-0.0108, 0.0038, 0.9980, -0.0615
-0.0108, 0.0038, 0.9981, -0.0606
-0.0108, 0.0038, 0.9981, -0.0601
-0.0108, 0.0038, 0.9982, -0.0595
-0.0108, 0.0038, 0.9982, -0.0588
-0.0108, 0.0038, 0.9983, -0.0579
-0.0108, 0.0038, 0.9983, -0.0568
-0.0108, 0.0038, 0.9984, -0.0553
-0.0108, 0.0039, 0.9985, -0.0535
-0.0108, 0.0039, 0.9986, -0.0513
-0.0108, 0.0039, 0.9988, -0.0486
-0.0108, 0.0040, 0.9989, -0.0454
-0.0107, 0.0040, 0.9991, -0.0415
-0.0107, 0.0041, 0.9992, -0.0370
-0.0107, 0.0042, 0.9996, -0.0264
-0.0107, 0.0043, 0.9997, -0.0203
-0.0106, 0.0043, 0.9998, -0.0141
-0.0106, 0.0044, 0.9999, -0.0078
-0.0106, 0.0044, 0.9999, -0.0014
-0.0106, 0.0045, 0.9999, 0.0048
-0.0105, 0.0046, 0.9999, 0.0109
-0.0105, 0.0046, 0.9998, 0.0168
-0.0105, 0.0047, 0.9997, 0.0225
-0.0105, 0.0047, 0.9995, 0.0279
-0.0104, 0.0048, 0.9992, 0.0379
-0.0103, 0.0048, 0.9990, 0.0426
-0.0103, 0.0049, 0.9988, 0.0472
-0.0103, 0.0050, 0.9986, 0.0516
-0.0103, 0.0051, 0.9984, 0.0560
-0.0103, 0.0051, 0.9981, 0.0603
-0.0102, 0.0051, 0.9976, 0.0687
-0.0102, 0.0052, 0.9973, 0.0729
-0.0102, 0.0052, 0.9970, 0.0771
-0.0101, 0.0052, 0.9966, 0.0812
-0.0101, 0.0052, 0.9963, 0.0853
-0.0101, 0.0053, 0.9959, 0.0895
-0.0101, 0.0053, 0.9955, 0.0938
-0.0100, 0.0053, 0.9951, 0.0981
-0.0099, 0.0053, 0.9947, 0.1025
-0.0098, 0.0053, 0.9942, 0.1070
-0.0098, 0.0053, 0.9937, 0.1116
-0.0097, 0.0054, 0.9926, 0.1206
-0.0097, 0.0054, 0.9921, 0.1251
-0.0097, 0.0055, 0.9909, 0.1339
-0.0096, 0.0055, 0.9903, 0.1382
-0.0096, 0.0056, 0.9891, 0.1470
-0.0096, 0.0056, 0.9884, 0.1514
-0.0096, 0.0057, 0.9877, 0.1557
-0.0096, 0.0057, 0.9871, 0.1600
-0.0096, 0.0058, 0.9864, 0.1643
-0.0096, 0.0058, 0.9856, 0.1685
-0.0095, 0.0059, 0.9849, 0.1727
-0.0095, 0.0059, 0.9842, 0.1769
-0.0095, 0.0060, 0.9834, 0.1811
-0.0095, 0.0060, 0.9826, 0.1852
-0.0095, 0.0061, 0.9818, 0.1893
-0.0095, 0.0061, 0.9810, 0.1934
-0.0094, 0.0061, 0.9802, 0.1975
-0.0094, 0.0062, 0.9794, 0.2015
-0.0094, 0.0062, 0.9786, 0.2054
-0.0093, 0.0062, 0.9778, 0.2092
-0.0093, 0.0063, 0.9770, 0.2129
-0.0093, 0.0063, 0.9762, 0.2166
-0.0092, 0.0063, 0.9745, 0.2240
-0.0091, 0.0063, 0.9727, 0.2319
-0.0090, 0.0063, 0.9717, 0.2358
-0.0089, 0.0063, 0.9708, 0.2398
-0.0089, 0.0064, 0.9698, 0.2437
-0.0089, 0.0064, 0.9688, 0.2476
-0.0089, 0.0065, 0.9678, 0.2515
-0.0088, 0.0065, 0.9668, 0.2555
-0.0082, 0.0065, 0.9577, 0.2876
-0.0081, 0.0065, 0.9565, 0.2915
-0.0081, 0.0065, 0.9553, 0.2955
-0.0081, 0.0066, 0.9541, 0.2994
-0.0080, 0.0066, 0.9528, 0.3033
-0.0080, 0.0066, 0.9516, 0.3071
-0.0078, 0.0066, 0.9504, 0.3108
-0.0078, 0.0066, 0.9492, 0.3145
-0.0078, 0.0066, 0.9480, 0.3182
-0.0077, 0.0067, 0.9454, 0.3256
-0.0077, 0.0067, 0.9441, 0.3294
-0.0076, 0.0067, 0.9428, 0.3333
-0.0076, 0.0067, 0.9414, 0.3373
-0.0075, 0.0068, 0.9383, 0.3456
-0.0075, 0.0068, 0.9367, 0.3501
-0.0074, 0.0069, 0.9349, 0.3547
-0.0074, 0.0069, 0.9331, 0.3596
-0.0074, 0.0070, 0.9311, 0.3647
-0.0074, 0.0070, 0.9289, 0.3701
-0.0074, 0.0071, 0.9267, 0.3757
-0.0073, 0.0072, 0.9244, 0.3814
-0.0074, 0.0074, 0.9195, 0.3930
-0.0074, 0.0075, 0.9170, 0.3988
-0.0075, 0.0076, 0.9144, 0.4046
-0.0076, 0.0078, 0.9118, 0.4105
-0.0076, 0.0079, 0.9092, 0.4163
-0.0075, 0.0079, 0.9065, 0.4220
-0.0075, 0.0079, 0.9039, 0.4276
-0.0074, 0.0080, 0.9013, 0.4331
-0.0073, 0.0080, 0.8986, 0.4386
-0.0073, 0.0081, 0.8959, 0.4442
-0.0073, 0.0081, 0.8931, 0.4498
-0.0072, 0.0082, 0.8902, 0.4555
-0.0072, 0.0083, 0.8871, 0.4614
-0.0071, 0.0083, 0.8840, 0.4674
-0.0070, 0.0083, 0.8807, 0.4736
-0.0069, 0.0083, 0.8773, 0.4798
-0.0069, 0.0084, 0.8738, 0.4861
-0.0069, 0.0085, 0.8702, 0.4925
-0.0068, 0.0085, 0.8665, 0.4991
-0.0067, 0.0085, 0.8626, 0.5058
-0.0065, 0.0086, 0.8544, 0.5194
-0.0064, 0.0086, 0.8503, 0.5262
-0.0063, 0.0086, 0.8460, 0.5330
-0.0062, 0.0086, 0.8417, 0.5398
-0.0061, 0.0087, 0.8374, 0.5465
-0.0060, 0.0087, 0.8330, 0.5531
-0.0059, 0.0087, 0.8286, 0.5598
-0.0059, 0.0087, 0.8241, 0.5663
-0.0058, 0.0088, 0.8196, 0.5728
-0.0057, 0.0088, 0.8150, 0.5793
-0.0056, 0.0089, 0.8104, 0.5858
-0.0055, 0.0089, 0.8056, 0.5923
-0.0055, 0.0090, 0.8008, 0.5988
-0.0054, 0.0090, 0.7959, 0.6053
-0.0053, 0.0091, 0.7909, 0.6118
-0.0052, 0.0091, 0.7859, 0.6183
-0.0051, 0.0092, 0.7807, 0.6248
-0.0050, 0.0093, 0.7699, 0.6381
-0.0049, 0.0094, 0.7642, 0.6449
-0.0048, 0.0094, 0.7583, 0.6519
-0.0047, 0.0095, 0.7522, 0.6588
-0.0045, 0.0096, 0.7400, 0.6725
-0.0044, 0.0097, 0.7339, 0.6792
-0.0043, 0.0097, 0.7278, 0.6857
-0.0043, 0.0098, 0.7217, 0.6921
-0.0042, 0.0098, 0.7157, 0.6983
-0.0041, 0.0098, 0.7098, 0.7043
-0.0040, 0.0098, 0.7040, 0.7101
-0.0039, 0.0099, 0.6984, 0.7156
-0.0038, 0.0099, 0.6930, 0.7208
-0.0037, 0.0099, 0.6878, 0.7258
-0.0036, 0.0099, 0.6829, 0.7305
-0.0036, 0.0099, 0.6782, 0.7348
-0.0035, 0.0099, 0.6737, 0.7389
-0.0034, 0.0098, 0.6695, 0.7428
-0.0033, 0.0098, 0.6655, 0.7464
-0.0033, 0.0098, 0.6617, 0.7497
-0.0032, 0.0097, 0.6581, 0.7529
-0.0031, 0.0097, 0.6546, 0.7559
-0.0031, 0.0097, 0.6514, 0.7587
-0.0030, 0.0097, 0.6482, 0.7614
-0.0029, 0.0097, 0.6419, 0.7667
-0.0029, 0.0097, 0.6387, 0.7694
-0.0029, 0.0097, 0.6355, 0.7721
-0.0028, 0.0098, 0.6322, 0.7747
-0.0028, 0.0098, 0.6289, 0.7774
-0.0027, 0.0099, 0.6222, 0.7828
-0.0027, 0.0099, 0.6189, 0.7854
-0.0026, 0.0099, 0.6155, 0.7881
-0.0026, 0.0100, 0.6121, 0.7907
-0.0025, 0.0101, 0.6016, 0.7988
-0.0024, 0.0101, 0.5978, 0.8016
-0.0024, 0.0101, 0.5939, 0.8045
-0.0022, 0.0102, 0.5854, 0.8107
-0.0022, 0.0102, 0.5809, 0.8139
-0.0021, 0.0102, 0.5761, 0.8173
-0.0021, 0.0103, 0.5712, 0.8208
-0.0020, 0.0104, 0.5661, 0.8243
-0.0020, 0.0105, 0.5609, 0.8278
-0.0019, 0.0106, 0.5556, 0.8314
-0.0018, 0.0107, 0.5449, 0.8384
-0.0017, 0.0107, 0.5395, 0.8419
-0.0017, 0.0107, 0.5340, 0.8454
-0.0012, 0.0112, 0.4876, 0.8730
-0.0010, 0.0111, 0.4799, 0.8772
-0.0008, 0.0110, 0.4721, 0.8815
-0.0007, 0.0109, 0.4641, 0.8857
-0.0005, 0.0108, 0.4561, 0.8899
-0.0004, 0.0107, 0.4480, 0.8940
-0.0002, 0.0107, 0.4317, 0.9019
0.0001, 0.0108, 0.4077, 0.9130
0.0002, 0.0109, 0.3999, 0.9165
0.0003, 0.0109, 0.3920, 0.9199
0.0004, 0.0109, 0.3842, 0.9232
0.0005, 0.0110, 0.3765, 0.9263
0.0006, 0.0110, 0.3689, 0.9294
0.0007, 0.0111, 0.3614, 0.9324
0.0007, 0.0111, 0.3539, 0.9352
0.0009, 0.0112, 0.3393, 0.9406
0.0011, 0.0112, 0.3251, 0.9456
0.0012, 0.0111, 0.3181, 0.9480
0.0013, 0.0111, 0.3111, 0.9503
0.0014, 0.0111, 0.3042, 0.9525
0.0015, 0.0111, 0.2973, 0.9547
0.0016, 0.0111, 0.2905, 0.9568
0.0017, 0.0111, 0.2837, 0.9588
0.0022, 0.0110, 0.2508, 0.9680
0.0022, 0.0110, 0.2444, 0.9696
0.0023, 0.0110, 0.2380, 0.9712
0.0024, 0.0109, 0.2316, 0.9727
0.0025, 0.0109, 0.2252, 0.9743
0.0026, 0.0109, 0.2188, 0.9757
0.0028, 0.0111, 0.2068, 0.9783
0.0029, 0.0111, 0.2015, 0.9794
0.0029, 0.0111, 0.1966, 0.9804
0.0030, 0.0110, 0.1923, 0.9813
0.0030, 0.0110, 0.1883, 0.9820
0.0030, 0.0109, 0.1845, 0.9828
0.0031, 0.0108, 0.1774, 0.9841
0.0031, 0.0107, 0.1739, 0.9847
0.0032, 0.0107, 0.1704, 0.9853
0.0032, 0.0106, 0.1668, 0.9859
0.0033, 0.0106, 0.1631, 0.9865
0.0033, 0.0106, 0.1594, 0.9872
0.0033, 0.0105, 0.1556, 0.9878
0.0034, 0.0105, 0.1518, 0.9884
0.0034, 0.0105, 0.1478, 0.9890
0.0035, 0.0105, 0.1437, 0.9896
0.0036, 0.0104, 0.1355, 0.9907
0.0036, 0.0104, 0.1314, 0.9913
0.0037, 0.0104, 0.1274, 0.9918
0.0037, 0.0104, 0.1235, 0.9923
0.0038, 0.0103, 0.1197, 0.9927
0.0038, 0.0103, 0.1161, 0.9932
0.0039, 0.0103, 0.1125, 0.9936
0.0039, 0.0103, 0.1092, 0.9940
0.0039, 0.0102, 0.1060, 0.9943
0.0040, 0.0102, 0.1029, 0.9946
0.0040, 0.0102, 0.1002, 0.9949
0.0040, 0.0102, 0.0976, 0.9952
0.0041, 0.0102, 0.0952, 0.9954
0.0041, 0.0102, 0.0931, 0.9956
0.0041, 0.0101, 0.0911, 0.9958
0.0041, 0.0101, 0.0892, 0.9960
0.0042, 0.0101, 0.0873, 0.9961
0.0042, 0.0101, 0.0853, 0.9963
0.0042, 0.0101, 0.0832, 0.9965
0.0043, 0.0101, 0.0809, 0.9967
0.0043, 0.0101, 0.0784, 0.9969
0.0043, 0.0101, 0.0758, 0.9971
0.0044, 0.0100, 0.0730, 0.9973
0.0044, 0.0100, 0.0700, 0.9975
0.0045, 0.0100, 0.0670, 0.9977
0.0045, 0.0100, 0.0639, 0.9979
0.0046, 0.0099, 0.0574, 0.9983
0.0046, 0.0099, 0.0543, 0.9985
0.0047, 0.0099, 0.0512, 0.9986
0.0047, 0.0099, 0.0483, 0.9988
0.0048, 0.0099, 0.0454, 0.9989
0.0048, 0.0099, 0.0428, 0.9990
0.0049, 0.0099, 0.0402, 0.9991
0.0049, 0.0099, 0.0379, 0.9992
0.0049, 0.0100, 0.0356, 0.9993
0.0050, 0.0099, 0.0296, 0.9995
0.0050, 0.0099, 0.0278, 0.9996
0.0050, 0.0098, 0.0261, 0.9996
0.0050, 0.0097, 0.0244, 0.9996
0.0050, 0.0097, 0.0227, 0.9997
0.0050, 0.0096, 0.0211, 0.9997
0.0050, 0.0095, 0.0196, 0.9998
0.0050, 0.0094, 0.0183, 0.9998
0.0050, 0.0094, 0.0171, 0.9998
0.0050, 0.0094, 0.0161, 0.9998
0.0050, 0.0094, 0.0152, 0.9998
0.0050, 0.0094, 0.0144, 0.9998
0.0050, 0.0094, 0.0136, 0.9999
0.0050, 0.0094, 0.0128, 0.9999
0.0050, 0.0094, 0.0121, 0.9999
0.0050, 0.0094, 0.0114, 0.9999
0.0050, 0.0094, 0.0108, 0.9999
0.0050, 0.0093, 0.0102, 0.9999
0.0050, 0.0093, 0.0097, 0.9999
0.0050, 0.0093, 0.0092, 0.9999
0.0050, 0.0093, 0.0079, 0.9999
0.0050, 0.0093, 0.0075, 0.9999
0.0051, 0.0093, 0.0071, 0.9999
0.0051, 0.0093, 0.0066, 0.9999
0.0051, 0.0093, 0.0061, 0.9999
0.0051, 0.0093, 0.0057, 0.9999
0.0051, 0.0093, 0.0052, 0.9999
0.0051, 0.0093, 0.0047, 0.9999
0.0051, 0.0093, 0.0043, 0.9999
0.0051, 0.0093, 0.0039, 0.9999
0.0051, 0.0093, 0.0035, 0.9999
0.0051, 0.0093, 0.0031, 0.9999
0.0051, 0.0093, 0.0027, 0.9999
0.0051, 0.0093, 0.0024, 0.9999
0.0051, 0.0093, 0.0022, 0.9999
0.0051, 0.0093, 0.0019, 0.9999
0.0051, 0.0093, 0.0018, 0.9999
0.0051, 0.0093, 0.0016, 0.9999
0.0051, 0.0093, 0.0014, 0.9999
0.0051, 0.0093, 0.0012, 0.9999
0.0051, 0.0093, 0.0007, 0.9999
0.0052, 0.0093, 0.0002, 0.9999
-0.0052, -0.0093, 0.0004, -0.9999
-0.0052, -0.0093, 0.0019, -0.9999
-0.0052, -0.0093, 0.0028, -0.9999
-0.0052, -0.0093, 0.0037, -0.9999
-0.0052, -0.0093, 0.0048, -0.9999
-0.0052, -0.0093, 0.0060, -0.9999
-0.0052, -0.0093, 0.0071, -0.9999
-0.0052, -0.0093, 0.0083, -0.9999
-0.0052, -0.0093, 0.0093, -0.9999
-0.0053, -0.0093, 0.0102, -0.9999
-0.0053, -0.0093, 0.0109, -0.9999
-0.0053, -0.0093, 0.0115, -0.9999
-0.0053, -0.0093, 0.0120, -0.9999
-0.0053, -0.0093, 0.0124, -0.9999
-0.0053, -0.0093, 0.0127, -0.9999
-0.0053, -0.0094, 0.0130, -0.9999
-0.0053, -0.0094, 0.0131, -0.9999
-0.0053, -0.0094, 0.0131, -0.9999
-0.0053, -0.0094, 0.0130, -0.9999
-0.0053, -0.0094, 0.0127, -0.9999
-0.0053, -0.0094, 0.0123, -0.9999
-0.0053, -0.0094, 0.0119, -0.9999
-0.0053, -0.0094, 0.0116, -0.9999
-0.0053, -0.0094, 0.0112, -0.9999
-0.0053, -0.0094, 0.0109, -0.9999
-0.0053, -0.0094, 0.0106, -0.9999
-0.0053, -0.0094, 0.0102, -0.9999
-0.0053, -0.0094, 0.0099, -0.9999
-0.0053, -0.0094, 0.0096, -0.9999
-0.0053, -0.0094, 0.0093, -0.9999
-0.0053, -0.0094, 0.0090, -0.9999
-0.0053, -0.0094, 0.0087, -0.9999
-0.0053, -0.0094, 0.0083, -0.9999
-0.0053, -0.0094, 0.0080, -0.9999
-0.0052, -0.0094, 0.0076, -0.9999
-0.0052, -0.0094, 0.0072, -0.9999
-0.0052, -0.0094, 0.0068, -0.9999
-0.0052, -0.0094, 0.0063, -0.9999
-0.0052, -0.0094, 0.0059, -0.9999
-0.0052, -0.0094, 0.0055, -0.9999
-0.0052, -0.0094, 0.0051, -0.9999
-0.0052, -0.0094, 0.0048, -0.9999
-0.0052, -0.0094, 0.0045, -0.9999
-0.0052, -0.0094, 0.0043, -0.9999
-0.0052, -0.0094, 0.0040, -0.9999
-0.0052, -0.0094, 0.0038, -0.9999
-0.0052, -0.0094, 0.0036, -0.9999
-0.0052, -0.0094, 0.0031, -0.9999
-0.0052, -0.0094, 0.0028, -0.9999
-0.0052, -0.0094, 0.0025, -0.9999
-0.0052, -0.0094, 0.0022, -0.9999
-0.0052, -0.0094, 0.0018, -0.9999
-0.0052, -0.0094, 0.0014, -0.9999
-0.0052, -0.0094, 0.0005, -0.9999
-0.0052, -0.0094, 0.0001, -0.9999
0.0052, 0.0094, 0.0003, 0.9999
0.0052, 0.0094, 0.0007, 0.9999
0.0052, 0.0095, 0.0013, 0.9999
0.0052, 0.0095, 0.0016, 0.9999
0.0052, 0.0095, 0.0018, 0.9999
0.0051, 0.0095, 0.0020, 0.9999
0.0051, 0.0095, 0.0021, 0.9999
0.0051, 0.0095, 0.0022, 0.9999
0.0051, 0.0095, 0.0023, 0.9999
0.0051, 0.0095, 0.0024, 0.9999
0.0051, 0.0095, 0.0025, 0.9999
0.0051, 0.0095, 0.0025, 0.9999
0.0051, 0.0095, 0.0025, 0.9999
0.0051, 0.0095, 0.0026, 0.9999
0.0051, 0.0095, 0.0026, 0.9999
0.0051, 0.0094, 0.0027, 0.9999
0.0051, 0.0094, 0.0028, 0.9999
0.0051, 0.0094, 0.0029, 0.9999
0.0051, 0.0094, 0.0029, 0.9999
0.0051, 0.0094, 0.0030, 0.9999
0.0051, 0.0094, 0.0032, 0.9999
0.0051, 0.0094, 0.0034, 0.9999
0.0051, 0.0094, 0.0036, 0.9999
0.0051, 0.0094, 0.0038, 0.9999
0.0051, 0.0094, 0.0041, 0.9999
0.0051, 0.0094, 0.0043, 0.9999
0.0051, 0.0094, 0.0045, 0.9999
0.0051, 0.0094, 0.0047, 0.9999
0.0051, 0.0094, 0.0048, 0.9999
0.0051, 0.0094, 0.0049, 0.9999
0.0051, 0.0094, 0.0049, 0.9999
0.0050, 0.0094, 0.0049, 0.9999
0.0050, 0.0094, 0.0049, 0.9999
0.0050, 0.0093, 0.0049, 0.9999
0.0050, 0.0093, 0.0049, 0.9999
0.0050, 0.0093, 0.0049, 0.9999
0.0050, 0.0093, 0.0049, 0.9999
0.0050, 0.0093, 0.0049, 0.9999
0.0050, 0.0093, 0.0049, 0.9999
0.0050, 0.0093, 0.0049, 0.9999
0.0050, 0.0093, 0.0049, 0.9999
0.0050, 0.0093, 0.0049, 0.9999
0.0050, 0.0093, 0.0049, 0.9999
0.0050, 0.0093, 0.0049, 0.9999
0.0050, 0.0093, 0.0049, 0.9999
0.0050, 0.0093, 0.0049, 0.9999
0.0050, 0.0093, 0.0049, 0.9999
0.0050, 0.0093, 0.0049, 0.9999
0.0050, 0.0093, 0.0049, 0.9999
0.0050, 0.0093, 0.0049, 0.9999
0.0050, 0.0093, 0.0049, 0.9999
0.0050, 0.0093, 0.0049, 0.9999
0.0050, 0.0093, 0.0049, 0.9999
0.0050, 0.0093, 0.0049, 0.9999
0.0050, 0.0093, 0.0049, 0.9999
0.0050, 0.0093, 0.0049, 0.9999
0.0050, 0.0093, 0.0049, 0.9999
0.0050, 0.0093, 0.0049, 0.9999
0.0050, 0.0093, 0.0049, 0.9999
0.0050, 0.0093, 0.0049, 0.9999
0.0050, 0.0093, 0.0049, 0.9999
0.0050, 0.0093, 0.0049, 0.9999
0.0050, 0.0093, 0.0049, 0.9999
0.0050, 0.0093, 0.0049, 0.9999
0.0050, 0.0093, 0.0049, 0.9999
0.0050, 0.0093, 0.0049, 0.9999
0.0050, 0.0093, 0.0049, 0.9999
0.0050, 0.0093, 0.0049, 0.9999
0.0050, 0.0094, 0.0049, 0.9999
0.0050, 0.0094, 0.0049, 0.9999
0.0050, 0.0094, 0.0049, 0.9999
0.0050, 0.0094, 0.0049, 0.9999
0.0050, 0.0094, 0.0049, 0.9999
0.0050, 0.0094, 0.0049, 0.9999
0.0050, 0.0094, 0.0049, 0.9999
0.0050, 0.0094, 0.0049, 0.9999
0.0050, 0.0094, 0.0049, 0.9999
0.0050, 0.0094, 0.0049, 0.9999
0.0050, 0.0094, 0.0049, 0.9999
0.0050, 0.0094, 0.0049, 0.9999
0.0050, 0.0094, 0.0049, 0.9999
0.0050, 0.0094, 0.0049, 0.9999
0.0050, 0.0094, 0.0049, 0.9999
0.0050, 0.0094, 0.0049, 0.9999
0.0050, 0.0094, 0.0049, 0.9999
0.0050, 0.0094, 0.0049, 0.9999
0.0050, 0.0094, 0.0049, 0.9999
0.0050, 0.0094, 0.0049, 0.9999
0.0050, 0.0094, 0.0049, 0.9999
0.0050, 0.0094, 0.0049, 0.9999
0.0050, 0.0094, 0.0049, 0.9999
0.0050, 0.0094, 0.0049, 0.9999
0.0050, 0.0093, 0.0049, 0.9999
0.0050, 0.0093, 0.0049, 0.9999
0.0050, 0.0093, 0.0049, 0.9999
0.0050, 0.0093, 0.0049, 0.9999
0.0050, 0.0093, 0.0049, 0.9999
0.0050, 0.0093, 0.0049, 0.9999
0.0050, 0.0093, 0.0049, 0.9999
0.0050, 0.0093, 0.0049, 0.9999
0.0050, 0.0093, 0.0049, 0.9999
0.0050, 0.0093, 0.0049, 0.9999
0.0050, 0.0093, 0.0049, 0.9999
0.0050, 0.0093, 0.0049, 0.9999
0.0050, 0.0093, 0.0049, 0.9999
0.0050, 0.0093, 0.0049, 0.9999
0.0050, 0.0093, 0.0049, 0.9999
0.0050, 0.0093, 0.0049, 0.9999
0.0050, 0.0093, 0.0049, 0.9999
0.0050, 0.0093, 0.0049, 0.9999
0.0050, 0.0093, 0.0049, 0.9999
0.0051, 0.0093, 0.0049, 0.9999
0.0051, 0.0093, 0.0049, 0.9999
0.0051, 0.0093, 0.0049, 0.9999
0.0051, 0.0093, 0.0049, 0.9999
0.0051, 0.0093, 0.0049, 0.9999
0.0051, 0.0093, 0.0049, 0.9999
0.0051, 0.0093, 0.0049, 0.9999
0.0051, 0.0093, 0.0049, 0.9999
0.0051, 0.0093, 0.0049, 0.9999
0.0051, 0.0094, 0.0049, 0.9999
0.0052, 0.0094, 0.0049, 0.9999
0.0052, 0.0094, 0.0049, 0.9999
0.0052, 0.0094, 0.0049, 0.9999
0.0052, 0.0094, 0.0049, 0.9999
0.0052, 0.0094, 0.0049, 0.9999
0.0052, 0.0094, 0.0049, 0.9999
0.0052, 0.0094, 0.0049, 0.9999
0.0052, 0.0094, 0.0049, 0.9999
0.0052, 0.0094, 0.0049, 0.9999
0.0053, 0.0093, 0.0049, 0.9999
0.0053, 0.0093, 0.0049, 0.9999
0.0053, 0.0093, 0.0049, 0.9999
0.0053, 0.0093, 0.0049, 0.9999
0.0053, 0.0093, 0.0049, 0.9999
0.0053, 0.0093, 0.0049, 0.9999
0.0053, 0.0093, 0.0049, 0.9999
0.0053, 0.0093, 0.0049, 0.9999
0.0053, 0.0093, 0.0049, 0.9999
0.0053, 0.0093, 0.0049, 0.9999
0.0052, 0.0093, 0.0049, 0.9999
0.0052, 0.0093, 0.0049, 0.9999
0.0052, 0.0093, 0.0049, 0.9999
0.0052, 0.0093, 0.0049, 0.9999
0.0052, 0.0093, 0.0049, 0.9999
0.0052, 0.0093, 0.0049, 0.9999
0.0052, 0.0093, 0.0049, 0.9999
0.0052, 0.0093, 0.0049, 0.9999
0.0052, 0.0093, 0.0049, 0.9999
0.0052, 0.0093, 0.0049, 0.9999
0.0052, 0.0093, 0.0049, 0.9999
0.0053, 0.0093, 0.0049, 0.9999
0.0053, 0.0092, 0.0049, 0.9999
0.0053, 0.0092, 0.0049, 0.9999
0.0053, 0.0092, 0.0049, 0.9999
0.0053, 0.0093, 0.0049, 0.9999
0.0053, 0.0093, 0.0049, 0.9999
0.0053, 0.0093, 0.0049, 0.9999
0.0054, 0.0093, 0.0049, 0.9999
0.0053, 0.0093, 0.0049, 0.9999
0.0053, 0.0093, 0.0049, 0.9999
0.0053, 0.0093, 0.0049, 0.9999
0.0053, 0.0093, 0.0049, 0.9999
0.0053, 0.0093, 0.0049, 0.9999
0.0053, 0.0093, 0.0049, 0.9999
0.0053, 0.0093, 0.0049, 0.9999
0.0053, 0.0094, 0.0049, 0.9999
0.0053, 0.0094, 0.0049, 0.9999
0.0053, 0.0094, 0.0049, 0.9999
0.0053, 0.0093, 0.0049, 0.9999
0.0053, 0.0093, 0.0049, 0.9999
0.0053, 0.0093, 0.0049, 0.9999
0.0053, 0.0092, 0.0049, 0.9999
0.0053, 0.0092, 0.0049, 0.9999
0.0053, 0.0092, 0.0049, 0.9999
0.0053, 0.0093, 0.0049, 0.9999
0.0053, 0.0093, 0.0049, 0.9999
0.0053, 0.0093, 0.0049, 0.9999
0.0053, 0.0093, 0.0049, 0.9999
0.0053, 0.0093, 0.0049, 0.9999
0.0053, 0.0093, 0.0049, 0.9999
0.0053, 0.0094, 0.0049, 0.9999
0.0053, 0.0094, 0.0049, 0.9999
0.0053, 0.0093, 0.0049, 0.9999
0.0053, 0.0093, 0.0049, 0.9999
0.0054, 0.0093, 0.0049, 0.9999
0.0054, 0.0093, 0.0049, 0.9999
0.0054, 0.0093, 0.0049, 0.9999
0.0054, 0.0093, 0.0049, 0.9999
0.0055, 0.0093, 0.0049, 0.9999
0.0054, 0.0093, 0.0049, 0.9999
0.0054, 0.0093, 0.0049, 0.9999
0.0054, 0.0093, 0.0049, 0.9999
0.0054, 0.0093, 0.0049, 0.9999
0.0054, 0.0093, 0.0049, 0.9999
0.0054, 0.0093, 0.0049, 0.9999
0.0054, 0.0093, 0.0049, 0.9999
0.0054, 0.0093, 0.0049, 0.9999
0.0054, 0.0093, 0.0049, 0.9999
0.0053, 0.0093, 0.0049, 0.9999
0.0053, 0.0093, 0.0049, 0.9999
0.0053, 0.0093, 0.0049, 0.9999
0.0053, 0.0093, 0.0049, 0.9999
0.0053, 0.0094, 0.0049, 0.9999
0.0053, 0.0094, 0.0049, 0.9999
0.0053, 0.0094, 0.0049, 0.9999
0.0052, 0.0094, 0.0049, 0.9999
0.0052, 0.0094, 0.0049, 0.9999
0.0052, 0.0094, 0.0049, 0.9999
0.0052, 0.0094, 0.0049, 0.9999
0.0052, 0.0094, 0.0049, 0.9999
0.0052, 0.0094, 0.0049, 0.9999
0.0052, 0.0094, 0.0049, 0.9999
0.0052, 0.0094, 0.0049, 0.9999
0.0052, 0.0094, 0.0049, 0.9999
0.0052, 0.0094, 0.0049, 0.9999
0.0052, 0.0094, 0.0049, 0.9999
0.0052, 0.0094, 0.0049, 0.9999
0.0052, 0.0094, 0.0049, 0.9999
0.0052, 0.0094, 0.0049, 0.9999
0.0052, 0.0094, 0.0049, 0.9999
0.0052, 0.0094, 0.0049, 0.9999
0.0052, 0.0094, 0.0049, 0.9999
0.0052, 0.0094, 0.0049, 0.9999
0.0052, 0.0094, 0.0049, 0.9999
0.0052, 0.0094, 0.0049, 0.9999
0.0052, 0.0094, 0.0049, 0.9999
0.0052, 0.0094, 0.0049, 0.9999
0.0052, 0.0094, 0.0049, 0.9999
0.0052, 0.0094, 0.0049, 0.9999
0.0052, 0.0094, 0.0049, 0.9999
0.0052, 0.0094, 0.0049, 0.9999
0.0052, 0.0094, 0.0049, 0.9999
0.0052, 0.0094, 0.0049, 0.9999
0.0052, 0.0094, 0.0049, 0.9999
0.0052, 0.0094, 0.0049, 0.9999
0.0052, 0.0094, 0.0049, 0.9999
0.0052, 0.0094, 0.0049, 0.9999
0.0052, 0.0094, 0.0049, 0.9999
0.0052, 0.0094, 0.0049, 0.9999
0.0052, 0.0094, 0.0049, 0.9999
0.0052, 0.0094, 0.0049, 0.9999
0.0052, 0.0094, 0.0049, 0.9999
0.0052, 0.0094, 0.0049, 0.9999
0.0052, 0.0094, 0.0049, 0.9999
0.0052, 0.0094, 0.0049, 0.9999
0.0052, 0.0094, 0.0049, 0.9999
0.0052, 0.0094, 0.0049, 0.9999
0.0052, 0.0094, 0.0049, 0.9999
0.0052, 0.0094, 0.0049, 0.9999
0.0052, 0.0094, 0.0049, 0.9999
0.0052, 0.0094, 0.0049, 0.9999
0.0052, 0.0094, 0.0049, 0.9999
0.0051, 0.0094, 0.0049, 0.9999
0.0051, 0.0094, 0.0049, 0.9999
0.0051, 0.0094, 0.0049, 0.9999
0.0051, 0.0094, 0.0049, 0.9999
0.0052, 0.0093, 0.0049, 0.9999
0.0052, 0.0093, 0.0049, 0.9999
0.0052, 0.0093, 0.0049, 0.9999
0.0052, 0.0093, 0.0049, 0.9999
0.0052, 0.0093, 0.0049, 0.9999
0.0052, 0.0093, 0.0049, 0.9999
0.0052, 0.0093, 0.0049, 0.9999
0.0052, 0.0093, 0.0049, 0.9999
0.0052, 0.0093, 0.0049, 0.9999
0.0052, 0.0093, 0.0049, 0.9999
0.0052, 0.0093, 0.0049, 0.9999
0.0052, 0.0093, 0.0049, 0.9999
0.0052, 0.0093, 0.0049, 0.9999
0.0052, 0.0093, 0.0049, 0.9999
0.0051, 0.0093, 0.0049, 0.9999
0.0051, 0.0094, 0.0049, 0.9999
0.0051, 0.0094, 0.0049, 0.9999
0.0051, 0.0094, 0.0049, 0.9999
0.0051, 0.0094, 0.0049, 0.9999
0.0051, 0.0094, 0.0049, 0.9999
0.0051, 0.0094, 0.0049, 0.9999
0.0051, 0.0094, 0.0049, 0.9999
0.0051, 0.0094, 0.0049, 0.9999
0.0051, 0.0094, 0.0049, 0.9999
0.0051, 0.0094, 0.0049, 0.9999
0.0051, 0.0094, 0.0049, 0.9999
0.0051, 0.0094, 0.0049, 0.9999
0.0051, 0.0093, 0.0049, 0.9999
0.0051, 0.0094, 0.0049, 0.9999
0.0051, 0.0094, 0.0049, 0.9999
0.0051, 0.0093, 0.0049, 0.9999
0.0051, 0.0093, 0.0049, 0.9999
0.0051, 0.0093, 0.0049, 0.9999
0.0051, 0.0093, 0.0049, 0.9999
0.0051, 0.0093, 0.0049, 0.9999
0.0051, 0.0093, 0.0049, 0.9999
0.0051, 0.0093, 0.0049, 0.9999
0.0051, 0.0093, 0.0049, 0.9999
0.0051, 0.0093, 0.0049, 0.9999
0.0051, 0.0093, 0.0049, 0.9999
0.0051, 0.0093, 0.0049, 0.9999
0.0051, 0.0093, 0.0049, 0.9999
0.0051, 0.0093, 0.0049, 0.9999
0.0051, 0.0093, 0.0049, 0.9999
0.0051, 0.0093, 0.0049, 0.9999
0.0051, 0.0093, 0.0049, 0.9999
0.0051, 0.0093, 0.0049, 0.9999
0.0051, 0.0093, 0.0049, 0.9999
0.0051, 0.0093, 0.0049, 0.9999
0.0051, 0.0093, 0.0049, 0.9999
0.0051, 0.0093, 0.0049, 0.9999
0.0051, 0.0093, 0.0049, 0.9999
0.0051, 0.0093, 0.0049, 0.9999
0.0051, 0.0093, 0.0049, 0.9999
0.0051, 0.0093, 0.0049, 0.9999
0.0051, 0.0092, 0.0049, 0.9999
0.0051, 0.0092, 0.0049, 0.9999
0.0051, 0.0092, 0.0049, 0.9999
0.0051, 0.0093, 0.0049, 0.9999
0.0051, 0.0092, 0.0049, 0.9999
0.0051, 0.0092, 0.0049, 0.9999
0.0051, 0.0092, 0.0049, 0.9999
0.0051, 0.0093, 0.0049, 0.9999
0.0051, 0.0093, 0.0049, 0.9999
0.0051, 0.0093, 0.0049, 0.9999
0.0051, 0.0093, 0.0049, 0.9999
0.0051, 0.0093, 0.0049, 0.9999
0.0051, 0.0093, 0.0049, 0.9999
0.0051, 0.0093, 0.0049, 0.9999
0.0052, 0.0093, 0.0049, 0.9999
0.0052, 0.0093, 0.0049, 0.9999
0.0051, 0.0093, 0.0049, 0.9999
0.0051, 0.0093, 0.0049, 0.9999
0.0051, 0.0093, 0.0049, 0.9999
0.0051, 0.0093, 0.0049, 0.9999
0.0051, 0.0093, 0.0049, 0.9999
0.0051, 0.0093, 0.0049, 0.9999
0.0052, 0.0093, 0.0049, 0.9999
0.0052, 0.0093, 0.0049, 0.9999
0.0052, 0.0093, 0.0049, 0.9999
0.0052, 0.0093, 0.0049, 0.9999
0.0052, 0.0093, 0.0049, 0.9999
0.0052, 0.0093, 0.0049, 0.9999
0.0051, 0.0093, 0.0049, 0.9999
0.0051, 0.0093, 0.0049, 0.9999
0.0051, 0.0093, 0.0049, 0.9999
0.0051, 0.0093, 0.0049, 0.9999
0.0051, 0.0093, 0.0049, 0.9999
0.0051, 0.0093, 0.0049, 0.9999
0.0051, 0.0093, 0.0049, 0.9999
0.0051, 0.0093, 0.0049, 0.9999
0.0051, 0.0093, 0.0049, 0.9999
0.0051, 0.0093, 0.0049, 0.9999
0.0051, 0.0093, 0.0049, 0.9999
0.0052, 0.0093, 0.0049, 0.9999
0.0052, 0.0093, 0.0049, 0.9999
0.0052, 0.0093, 0.0049, 0.9999
0.0052, 0.0093, 0.0049, 0.9999
0.0052, 0.0093, 0.0049, 0.9999
0.0052, 0.0093, 0.0049, 0.9999
0.0052, 0.0093, 0.0049, 0.9999
0.0052, 0.0093, 0.0049, 0.9999
0.0052, 0.0093, 0.0049, 0.9999
0.0052, 0.0093, 0.0049, 0.9999
0.0052, 0.0093, 0.0049, 0.9999
0.0052, 0.0093, 0.0049, 0.9999
0.0053, 0.0094, 0.0049, 0.9999
0.0053, 0.0094, 0.0049, 0.9999
0.0053, 0.0094, 0.0049, 0.9999
0.0053, 0.0094, 0.0049, 0.9999
0.0053, 0.0094, 0.0049, 0.9999
0.0053, 0.0094, 0.0049, 0.9999
0.0053, 0.0094, 0.0049, 0.9999
0.0053, 0.0094, 0.0049, 0.9999
0.0053, 0.0094, 0.0049, 0.9999
0.0053, 0.0094, 0.0049, 0.9999
0.0053, 0.0094, 0.0049, 0.9999
0.0053, 0.0094, 0.0049, 0.9999
0.0053, 0.0094, 0.0049, 0.9999
0.0053, 0.0094, 0.0049, 0.9999
0.0053, 0.0094, 0.0049, 0.9999
0.0053, 0.0094, 0.0049, 0.9999
0.0053, 0.0094, 0.0049, 0.9999
0.0053, 0.0094, 0.0049, 0.9999
0.0053, 0.0094, 0.0049, 0.9999
0.0053, 0.0094, 0.0049, 0.9999
0.0053, 0.0094, 0.0049, 0.9999
0.0053, 0.0094, 0.0049, 0.9999
0.0053, 0.0094, 0.0049, 0.9999
0.0053, 0.0094, 0.0049, 0.9999
0.0053, 0.0094, 0.0049, 0.9999
0.0053, 0.0094, 0.0049, 0.9999
0.0053, 0.0094, 0.0049, 0.9999
0.0053, 0.0094, 0.0049, 0.9999
0.0053, 0.0094, 0.0049, 0.9999
0.0053, 0.0094, 0.0049, 0.9999
0.0053, 0.0094, 0.0049, 0.9999
0.0053, 0.0094, 0.0049, 0.9999
0.0053, 0.0094, 0.0049, 0.9999
0.0053, 0.0094, 0.0049, 0.9999
0.0053, 0.0094, 0.0049, 0.9999
0.0053, 0.0094, 0.0049, 0.9999
0.0053, 0.0094, 0.0049, 0.9999
0.0053, 0.0094, 0.0049, 0.9999
0.0053, 0.0094, 0.0049, 0.9999
0.0053, 0.0094, 0.0049, 0.9999
0.0053, 0.0094, 0.0049, 0.9999
0.0053, 0.0094, 0.0049, 0.9999
0.0053, 0.0094, 0.0049, 0.9999
0.0053, 0.0094, 0.0049, 0.9999
0.0053, 0.0094, 0.0049, 0.9999
0.0053, 0.0094, 0.0049, 0.9999
0.0053, 0.0094, 0.0049, 0.9999
0.0052, 0.0094, 0.0049, 0.9999
0.0052, 0.0094, 0.0049, 0.9999
0.0052, 0.0094, 0.0049, 0.9999
0.0052, 0.0094, 0.0049, 0.9999
0.0052, 0.0094, 0.0049, 0.9999
0.0052, 0.0095, 0.0049, 0.9999
0.0052, 0.0095, 0.0049, 0.9999
0.0052, 0.0095, 0.0049, 0.9999
0.0052, 0.0095, 0.0049, 0.9999
0.0052, 0.0094, 0.0049, 0.9999
0.0052, 0.0094, 0.0049, 0.9999
0.0052, 0.0095, 0.0049, 0.9999
0.0053, 0.0095, 0.0049, 0.9999
0.0053, 0.0095, 0.0049, 0.9999
0.0053, 0.0095, 0.0049, 0.9999
0.0053, 0.0095, 0.0049, 0.9999
0.0053, 0.0095, 0.0049, 0.9999
0.0053, 0.0095, 0.0049, 0.9999
0.0053, 0.0095, 0.0049, 0.9999
0.0053, 0.0095, 0.0049, 0.9999
0.0053, 0.0095, 0.0049, 0.9999
0.0053, 0.0095, 0.0049, 0.9999
0.0053, 0.0095, 0.0049, 0.9999
0.0053, 0.0095, 0.0049, 0.9999
0.0053, 0.0095, 0.0049, 0.9999
0.0053, 0.0095, 0.0049, 0.9999
0.0053, 0.0095, 0.0049, 0.9999
0.0053, 0.0095, 0.0049, 0.9999
0.0053, 0.0095, 0.0049, 0.9999
0.0053, 0.0095, 0.0049, 0.9999
0.0053, 0.0095, 0.0049, 0.9999
0.0053, 0.0095, 0.0049, 0.9999
0.0053, 0.0095, 0.0049, 0.9999
0.0053, 0.0095, 0.0049, 0.9999
0.0053, 0.0095, 0.0049, 0.9999
0.0053, 0.0095, 0.0049, 0.9999
0.0053, 0.0095, 0.0049, 0.9999
0.0053, 0.0095, 0.0049, 0.9999
0.0053, 0.0094, 0.0049, 0.9999
0.0053, 0.0094, 0.0049, 0.9999
0.0053, 0.0094, 0.0049, 0.9999
0.0053, 0.0094, 0.0049, 0.9999
0.0053, 0.0094, 0.0049, 0.9999
0.0053, 0.0094, 0.0049, 0.9999
0.0053, 0.0094, 0.0049, 0.9999
0.0053, 0.0094, 0.0049, 0.9999
0.0053, 0.0094, 0.0049, 0.9999
0.0053, 0.0094, 0.0049, 0.9999
0.0053, 0.0094, 0.0049, 0.9999
0.0053, 0.0094, 0.0049, 0.9999
0.0053, 0.0094, 0.0049, 0.9999
0.0053, 0.0094, 0.0049, 0.9999
0.0053, 0.0094, 0.0049, 0.9999
0.0054, 0.0094, 0.0049, 0.9999
0.0054, 0.0094, 0.0049, 0.9999
0.0054, 0.0094, 0.0049, 0.9999
0.0054, 0.0094, 0.0049, 0.9999
0.0054, 0.0094, 0.0049, 0.9999
0.0054, 0.0094, 0.0049, 0.9999
0.0054, 0.0094, 0.0049, 0.9999
0.0054, 0.0094, 0.0049, 0.9999
0.0054, 0.0094, 0.0049, 0.9999
0.0054, 0.0094, 0.0049, 0.9999
0.0054, 0.0095, 0.0049, 0.9999
0.0053, 0.0095, 0.0049, 0.9999
0.0053, 0.0095, 0.0049, 0.9999
0.0053, 0.0095, 0.0049, 0.9999
0.0053, 0.0095, 0.0049, 0.9999
0.0053, 0.0095, 0.0049, 0.9999
0.0053, 0.0095, 0.0049, 0.9999
0.0053, 0.0095, 0.0049, 0.9999
0.0053, 0.0095, 0.0049, 0.9999
0.0053, 0.0095, 0.0049, 0.9999
0.0053, 0.0095, 0.0049, 0.9999
0.0053, 0.0095, 0.0049, 0.9999
0.0053, 0.0095, 0.0049, 0.9999
0.0053, 0.0095, 0.0049, 0.9999
0.0053, 0.0095, 0.0049, 0.9999
0.0053, 0.0095, 0.0049, 0.9999
0.0053, 0.0095, 0.0049, 0.9999
0.0053, 0.0095, 0.0049, 0.9999
0.0053, 0.0095, 0.0049, 0.9999
0.0053, 0.0095, 0.0049, 0.9999
0.0053, 0.0095, 0.0049, 0.9999
0.0053, 0.0095, 0.0049, 0.9999
0.0053, 0.0095, 0.0049, 0.9999
0.0053, 0.0095, 0.0049, 0.9999
0.0053, 0.0095, 0.0049, 0.9999
0.0053, 0.0095, 0.0049, 0.9999
0.0053, 0.0095, 0.0049, 0.9999
0.0054, 0.0095, 0.0049, 0.9999
0.0054, 0.0095, 0.0049, 0.9999
0.0054, 0.0095, 0.0049, 0.9999
0.0054, 0.0095, 0.0049, 0.9999
0.0054, 0.0095, 0.0049, 0.9999
0.0054, 0.0095, 0.0049, 0.9999
0.0054, 0.0095, 0.0049, 0.9999
0.0054, 0.0095, 0.0049, 0.9999
0.0054, 0.0095, 0.0049, 0.9999
0.0054, 0.0095, 0.0049, 0.9999
0.0054, 0.0095, 0.0049, 0.9999
0.0054, 0.0095, 0.0049, 0.9999
0.0054, 0.0095, 0.0049, 0.9999
0.0054, 0.0095, 0.0049, 0.9999
0.0054, 0.0095, 0.0049, 0.9999
0.0055, 0.0095, 0.0049, 0.9999
0.0055, 0.0095, 0.0049, 0.9999
0.0054, 0.0095, 0.0049, 0.9999
0.0054, 0.0095, 0.0049, 0.9999
0.0054, 0.0095, 0.0049, 0.9999
0.0054, 0.0095, 0.0049, 0.9999
0.0054, 0.0095, 0.0049, 0.9999
0.0054, 0.0095, 0.0049, 0.9999
0.0054, 0.0095, 0.0049, 0.9999
0.0054, 0.0095, 0.0049, 0.9999
0.0054, 0.0095, 0.0049, 0.9999
0.0054, 0.0095, 0.0049, 0.9999
0.0054, 0.0095, 0.0049, 0.9999
0.0054, 0.0095, 0.0049, 0.9999
0.0054, 0.0095, 0.0049, 0.9999
0.0054, 0.0095, 0.0049, 0.9999
0.0054, 0.0095, 0.0049, 0.9999
0.0054, 0.0095, 0.0049, 0.9999
0.0054, 0.0095, 0.0049, 0.9999
0.0054, 0.0095, 0.0049, 0.9999
0.0054, 0.0095, 0.0049, 0.9999
0.0054, 0.0095, 0.0049, 0.9999
0.0054, 0.0095, 0.0049, 0.9999
0.0054, 0.0095, 0.0049, 0.9999
0.0054, 0.0095, 0.0049, 0.9999
0.0054, 0.0095, 0.0049, 0.9999
0.0054, 0.0095, 0.0049, 0.9999
0.0054, 0.0095, 0.0049, 0.9999
0.0054, 0.0095, 0.0049, 0.9999
0.0054, 0.0095, 0.0049, 0.9999
0.0054, 0.0095, 0.0049, 0.9999
0.0054, 0.0095, 0.0049, 0.9999
0.0054, 0.0095, 0.0049, 0.9999
0.0054, 0.0095, 0.0049, 0.9999
0.0054, 0.0095, 0.0049, 0.9999
0.0054, 0.0095, 0.0049, 0.9999
0.0054, 0.0095, 0.0049, 0.9999
0.0054, 0.0095, 0.0049, 0.9999
